trial trialType response stillTime stimOnset stimOffset respTime correctionTrial correct
001 1 1 2.99828e+06 3.27039e+06 4.10189e+06 2.95945e+09 0
000 002 1 1 2.96675e+09 2.96702e+09 2.96785e+09 2.97295e+09 1
000 003 1 1 2.98007e+09 2.98033e+09 2.98116e+09 2.98432e+09 1
000 004 1 0 2.99152e+09 2.99177e+09 2.99261e+09 2.99433e+09 1
001 005 2 1 2.99704e+09 2.99731e+09 2.99816e+09 2.99941e+09 0
001 006 1 0 3.00196e+09 3.00223e+09 3.00345e+09 3.00504e+09 0
001 007 1 0 3.00734e+09 3.0076e+09 3.00873e+09 3.01e+09 0
001 008 2 1 3.01264e+09 3.0129e+09 3.01424e+09 3.01551e+09 0
001 009 1 0 3.01818e+09 3.01844e+09 3.0196e+09 3.02083e+09 0
001 