
001	0	1	5.89723e+06	5.93793e+06	6.23952e+06	6.32334e+06	0	1
002	1	1	1.40534e+07	1.40913e+07	1.43915e+07	1.44342e+07	0	1
003	1	1	2.09541e+07	2.09929e+07	2.12932e+07	2.13162e+07	1	0
004	0	2	4.30561e+07	4.30937e+07	4.33939e+07	4.34169e+07	0	0
005	1	2	4.99497e+07	4.99953e+07	5.02955e+07	5.04341e+07	0	0
006	1	2	5.69672e+07	5.7013e+07	5.73133e+07	5.74721e+07	1	1
007	0	2	6.93463e+07	6.93912e+07	6.96914e+07	6.97165e+07	0	0
008	1	2	7.88388e+07	7.88736e+07	7.91738e+07	7.92607e+07	1	1
009	0	2	9.07735e+07	9.08207e+07	9.11209e+07	9.17476e+07	1	1
010	0	2	1.06903e+08	1.06949e+08	1.07249e+08	1.0727e+08	1	1
011	0	2	1.15749e+08	1.15797e+08	1.16097e+08	1.16235e+08	1	1
012	0	1	1.28096e+08	1.28137e+08	1.28437e+08	1.28644e+08	0	1
013	1	1	1.38696e+08	1.38729e+08	1.39029e+08	1.39094e+08	0	1
014	1	1	1.50339e+08	1.50376e+08	1.50676e+08	1.50708e+08	0	1
015	1	1	1.58848e+08	1.58891e+08	1.59191e+08	1.59222e+08	0	1
016	0	2	1.66676e+08	1.66725e+08	1.67026e+08	1.715e+08	0	0
017	0	1	1.84754e+08	1.84792e+08	1.85092e+08	1.89405e+08	1	0
018	0	1	1.92303e+08	1.92352e+08	1.92652e+08	1.96692e+08	1	0
019	0	1	2.07186e+08	2.07226e+08	2.07527e+08	2.07631e+08	1	0
020	0	1	2.23525e+08	2.23571e+08	2.23871e+08	2.23927e+08	0	1
021	1	1	2.30446e+08	2.30484e+08	2.30784e+08	2.3081e+08	0	1
022	1	1	2.39966e+08	2.40013e+08	2.40314e+08	2.40372e+08	0	1
023	1	1	2.50395e+08	2.50427e+08	2.50727e+08	2.50961e+08	0	1
024	0	2	2.57483e+08	2.57522e+08	2.57823e+08	2.58059e+08	1	1
025	0	2	2.68858e+08	2.68896e+08	2.69196e+08	2.75558e+08	0	0
026	1	2	2.8207e+08	2.82109e+08	2.82409e+08	2.83487e+08	0	0
027	1	2	2.92812e+08	2.92851e+08	2.93151e+08	2.9321e+08	1	1
028	0	2	3.04385e+08	3.04425e+08	3.04725e+08	3.04776e+08	1	1
029	0	1	3.1282e+08	3.12852e+08	3.13152e+08	3.13235e+08	0	1
030	1	1	3.19756e+08	3.19796e+08	3.20096e+08	3.20206e+08	0	1
031	1	1	3.26724e+08	3.26763e+08	3.27063e+08	3.27128e+08	0	1
032	1	1	3.34189e+08	3.34225e+08	3.34525e+08	3.3461e+08	0	1
033	0	1	3.41134e+08	3.41176e+08	3.41476e+08	3.41517e+08	0	1
034	0	1	3.49042e+08	3.49078e+08	3.49379e+08	3.49455e+08	0	1
035	0	1	3.57907e+08	3.5795e+08	3.5825e+08	3.58293e+08	0	1
036	0	2	3.66797e+08	3.66836e+08	3.67136e+08	3.67154e+08	1	1
037	0	2	3.76271e+08	3.76306e+08	3.76606e+08	3.76625e+08	1	1
038	0	2	3.79161e+08	3.79204e+08	3.79505e+08	3.79557e+08	1	1
039	0	2	3.89228e+08	3.89261e+08	3.89561e+08	3.89617e+08	1	1
040	0	1	3.91202e+08	3.91236e+08	3.91536e+08	3.94096e+08	1	0
041	0	1	3.95696e+08	3.95742e+08	3.96042e+08	3.99051e+08	1	0
042	0	1	4.00946e+08	4.00986e+08	4.01286e+08	4.02109e+08	0	1
043	1	1	4.12415e+08	4.12454e+08	4.12755e+08	4.13228e+08	0	1
044	1	1	4.21959e+08	4.22009e+08	4.22309e+08	4.22356e+08	0	1
045	1	1	4.3571e+08	4.35756e+08	4.36056e+08	4.36068e+08	0	1
046	0	1	4.47169e+08	4.47208e+08	4.47508e+08	4.47566e+08	0	1
047	0	2	4.544e+08	4.54442e+08	4.54742e+08	4.54778e+08	1	1
048	0	2	4.69346e+08	4.69386e+08	4.69686e+08	4.70465e+08	0	0
049	1	2	4.80984e+08	4.81026e+08	4.81327e+08	4.81343e+08	1	1
050	0	2	4.93951e+08	4.93992e+08	4.94292e+08	4.94987e+08	0	0
051	1	2	5.02178e+08	5.0222e+08	5.0252e+08	5.02602e+08	1	1
052	0	2	5.11488e+08	5.11526e+08	5.11826e+08	5.13386e+08	1	1
053	0	2	5.27371e+08	5.27416e+08	5.27717e+08	5.28342e+08	0	0
054	1	2	5.37224e+08	5.37258e+08	5.37558e+08	5.37732e+08	1	1
055	0	1	5.45657e+08	5.45689e+08	5.45989e+08	5.58333e+08	1	0
056	0	1	5.70262e+08	5.70294e+08	5.70594e+08	5.70688e+08	0	1
057	1	1	5.84812e+08	5.84859e+08	5.8516e+08	5.86877e+08	1	0
058	0	1	5.95091e+08	5.95132e+08	5.95432e+08	5.955e+08	0	1
059	1	1	6.02014e+08	6.02053e+08	6.02354e+08	6.02385e+08	0	1
060	1	1	6.09515e+08	6.09546e+08	6.09846e+08	6.0993e+08	1	0
061	0	1	6.24647e+08	6.24693e+08	6.24993e+08	6.26202e+08	0	1
062	1	1	6.33686e+08	6.33721e+08	6.34021e+08	6.34172e+08	0	1
063	1	1	6.4083e+08	6.40872e+08	6.41172e+08	6.41234e+08	0	1
064	1	1	6.5382e+08	6.53857e+08	6.54157e+08	6.5421e+08	0	1
065	0	1	6.64567e+08	6.64599e+08	6.64899e+08	6.65001e+08	0	1
066	0	2	6.78052e+08	6.78102e+08	6.78402e+08	6.78418e+08	1	1
067	0	2	6.87074e+08	6.87118e+08	6.87418e+08	6.87643e+08	1	1
068	0	1	6.9679e+08	6.96824e+08	6.97124e+08	6.97183e+08	0	1
069	1	1	7.08931e+08	7.08971e+08	7.09272e+08	7.09705e+08	0	1
070	1	1	7.19035e+08	7.19076e+08	7.19376e+08	7.19487e+08	0	1
071	1	1	7.28269e+08	7.2831e+08	7.2861e+08	7.28664e+08	0	1
072	0	1	7.37491e+08	7.37524e+08	7.37824e+08	7.37853e+08	0	1
073	0	2	7.51158e+08	7.51202e+08	7.51502e+08	7.51631e+08	0	0
074	0	1	7.59514e+08	7.59549e+08	7.59849e+08	7.60209e+08	1	0
075	0	2	7.71731e+08	7.71775e+08	7.72075e+08	7.72195e+08	1	1
076	0	1	7.76889e+08	7.76939e+08	7.77239e+08	7.77266e+08	0	1
077	1	1	7.96125e+08	7.96157e+08	7.96458e+08	7.99288e+08	1	0
078	0	2	8.19359e+08	8.19403e+08	8.19703e+08	8.1972e+08	1	1
079	0	1	8.32682e+08	8.32722e+08	8.33022e+08	8.33117e+08	0	1
080	1	1	8.4183e+08	8.41878e+08	8.42178e+08	8.42226e+08	0	1
081	1	1	8.56462e+08	8.56503e+08	8.56803e+08	8.56853e+08	0	1
082	1	1	8.67132e+08	8.67172e+08	8.67472e+08	8.6755e+08	0	1
083	0	1	8.78775e+08	8.7881e+08	8.79111e+08	8.79141e+08	0	1
084	0	2	8.96296e+08	8.96339e+08	8.9664e+08	8.96965e+08	1	1
085	0	1	9.00994e+08	9.01037e+08	9.01337e+08	9.01465e+08	0	1
086	1	1	9.08965e+08	9.09004e+08	9.09305e+08	9.09566e+08	0	1
087	1	1	9.16083e+08	9.16122e+08	9.16422e+08	9.16444e+08	0	1
088	1	1	9.6242e+08	9.62455e+08	9.62755e+08	9.62771e+08	0	1
089	0	2	9.8219e+08	9.82231e+08	9.82531e+08	9.82632e+08	1	1
090	0	2	9.86277e+08	9.8632e+08	9.8662e+08	9.86666e+08	1	1
091	0	1	9.89906e+08	9.8994e+08	9.9024e+08	9.94205e+08	0	1
092	1	1	1.00147e+09	1.00151e+09	1.00181e+09	1.00188e+09	0	1
093	1	1	1.02757e+09	1.02761e+09	1.02791e+09	1.02792e+09	0	1
094	1	1	1.03527e+09	1.03531e+09	1.03561e+09	1.03571e+09	0	1
095	0	2	1.04443e+09	1.04447e+09	1.04477e+09	1.04496e+09	0	0
096	0	1	1.06186e+09	1.06191e+09	1.06221e+09	1.0623e+09	0	1
097	0	2	1.06889e+09	1.06892e+09	1.06922e+09	1.06946e+09	0	0
098	0	2	1.07599e+09	1.07603e+09	1.07633e+09	1.07637e+09	1	1
099	0	2	1.08479e+09	1.08482e+09	1.08512e+09	1.08518e+09	1	1
100	0	1	1.09168e+09	1.09172e+09	1.09202e+09	1.0921e+09	0	1
101	1	1	1.09872e+09	1.09875e+09	1.09905e+09	1.09916e+09	0	1
102	1	1	1.10794e+09	1.10798e+09	1.10828e+09	1.10849e+09	1	0
103	0	2	1.11084e+09	1.11088e+09	1.11118e+09	1.11128e+09	1	1
104	0	1	1.11815e+09	1.1182e+09	1.1185e+09	1.11852e+09	0	1
105	1	1	1.12504e+09	1.12508e+09	1.12538e+09	1.12544e+09	0	1
106	1	1	1.13195e+09	1.13199e+09	1.13229e+09	1.13231e+09	0	1
107	1	1	1.13882e+09	1.13886e+09	1.13916e+09	1.14e+09	1	0
108	0	1	1.14162e+09	1.14165e+09	1.14195e+09	1.14206e+09	0	1
109	1	1	1.14858e+09	1.14861e+09	1.14892e+09	1.14897e+09	0	1
110	1	1	1.15795e+09	1.15799e+09	1.15829e+09	1.15833e+09	0	1
111	1	1	1.16485e+09	1.16489e+09	1.16519e+09	1.16521e+09	0	1
112	0	1	1.17174e+09	1.17178e+09	1.17208e+09	1.17289e+09	1	0
113	0	1	1.18791e+09	1.18795e+09	1.18825e+09	1.1883e+09	0	1
114	1	1	1.20382e+09	1.20386e+09	1.20416e+09	1.20917e+09	1	0
115	0	1	1.21842e+09	1.21846e+09	1.21876e+09	1.21892e+09	1	0
116	0	2	1.22543e+09	1.22548e+09	1.22578e+09	1.22582e+09	1	1
117	0	1	1.23809e+09	1.23813e+09	1.23843e+09	1.23845e+09	0	1
118	1	1	1.25433e+09	1.25436e+09	1.25466e+09	1.25982e+09	1	0
119	0	1	1.26941e+09	1.26945e+09	1.26975e+09	1.26998e+09	1	0
120	0	1	1.27234e+09	1.27239e+09	1.27269e+09	1.27811e+09	1	0
121	0	1	1.28035e+09	1.28039e+09	1.28069e+09	1.2808e+09	0	1
122	1	1	1.28829e+09	1.28834e+09	1.28864e+09	1.28873e+09	0	1
123	1	1	1.29538e+09	1.29542e+09	1.29572e+09	1.29575e+09	0	1
124	1	1	1.30226e+09	1.3023e+09	1.3026e+09	1.30262e+09	0	1
125	0	2	1.31024e+09	1.31028e+09	1.31058e+09	1.31066e+09	1	1
126	0	1	1.31349e+09	1.31353e+09	1.31383e+09	1.31399e+09	0	1
127	1	1	1.3208e+09	1.32085e+09	1.32115e+09	1.32124e+09	0	1
128	1	1	1.32881e+09	1.32886e+09	1.32916e+09	1.32919e+09	0	1
129	1	1	1.34769e+09	1.34773e+09	1.34803e+09	1.3481e+09	0	1
130	0	2	1.3567e+09	1.35674e+09	1.35704e+09	1.35713e+09	0	0
131	0	1	1.36407e+09	1.36411e+09	1.36441e+09	1.36459e+09	0	1
132	0	2	1.37573e+09	1.37578e+09	1.37608e+09	1.37615e+09	1	1
133	0	2	1.38023e+09	1.38026e+09	1.38056e+09	1.38074e+09	1	1
134	0	2	1.38499e+09	1.38503e+09	1.38533e+09	1.38535e+09	1	1
135	0	2	1.38694e+09	1.38697e+09	1.38727e+09	1.38738e+09	1	1
136	0	1	1.38909e+09	1.38913e+09	1.38943e+09	1.38959e+09	0	1
137	1	1	1.39822e+09	1.39826e+09	1.39856e+09	1.39863e+09	0	1
138	1	1	1.40614e+09	1.40619e+09	1.40649e+09	1.40652e+09	0	1
139	1	1	1.41351e+09	1.41354e+09	1.41385e+09	1.41393e+09	0	1
140	0	2	1.42153e+09	1.42157e+09	1.42187e+09	1.4219e+09	1	1
141	0	1	1.43104e+09	1.43109e+09	1.43139e+09	1.43143e+09	0	1
142	1	1	1.44169e+09	1.44173e+09	1.44203e+09	1.44213e+09	0	1
143	1	1	1.44967e+09	1.44972e+09	1.45002e+09	1.45005e+09	0	1
144	1	1	1.46042e+09	1.46046e+09	1.46076e+09	1.46088e+09	0	1
145	0	1	1.47385e+09	1.47389e+09	1.47419e+09	1.47433e+09	0	1
146	0	1	1.48913e+09	1.48917e+09	1.48947e+09	1.48955e+09	0	1
147	0	2	1.51463e+09	1.51466e+09	1.51496e+09	1.51991e+09	0	0
148	0	1	1.53879e+09	1.53884e+09	1.53914e+09	1.53921e+09	0	1
149	0	1	1.54911e+09	1.54915e+09	1.54945e+09	1.54947e+09	0	1
150	0	2	1.56015e+09	1.56018e+09	1.56048e+09	1.56068e+09	0	0
151	0	2	1.57136e+09	1.57141e+09	1.57171e+09	1.5719e+09	0	0
152	0	1	1.59141e+09	1.59145e+09	1.59175e+09	1.59191e+09	1	0
153	0	2	1.59647e+09	1.5965e+09	1.5968e+09	1.59683e+09	1	1
154	0	1	1.60909e+09	1.60913e+09	1.60943e+09	1.60944e+09	0	1
155	1	1	1.61596e+09	1.616e+09	1.6163e+09	1.61648e+09	0	1
156	1	1	1.62317e+09	1.62321e+09	1.62351e+09	1.62357e+09	0	1
157	1	1	1.63203e+09	1.63207e+09	1.63237e+09	1.63239e+09	1	0
158	0	1	1.64309e+09	1.64314e+09	1.64344e+09	1.64345e+09	0	1
159	1	1	1.64997e+09	1.65e+09	1.65031e+09	1.65039e+09	0	1
160	1	1	1.66008e+09	1.66011e+09	1.66041e+09	1.66043e+09	0	1
161	1	1	1.67405e+09	1.67409e+09	1.67439e+09	1.67447e+09	1	0
162	0	1	1.68427e+09	1.68432e+09	1.68462e+09	1.68474e+09	0	1
163	1	1	1.70634e+09	1.70638e+09	1.70668e+09	1.70673e+09	0	1
164	1	1	1.71416e+09	1.71419e+09	1.71449e+09	1.71454e+09	0	1
165	1	1	1.72122e+09	1.72125e+09	1.72155e+09	1.72157e+09	0	1
166	0	1	1.73871e+09	1.73875e+09	1.73905e+09	1.73907e+09	0	1
167	0	2	1.74702e+09	1.74705e+09	1.74735e+09	1.74742e+09	1	1
168	0	2	1.7558e+09	1.75584e+09	1.75614e+09	1.75615e+09	1	1
169	0	1	1.76235e+09	1.7624e+09	1.7627e+09	1.76273e+09	0	1
170	1	1	1.76925e+09	1.76929e+09	1.76959e+09	1.77051e+09	1	0
171	0	1	1.77788e+09	1.77793e+09	1.77823e+09	1.77861e+09	1	0
172	0	1	1.7805e+09	1.78054e+09	1.78084e+09	1.78248e+09	1	0
173	0	2	1.79159e+09	1.79162e+09	1.79192e+09	1.79196e+09	1	1
174	0	2	1.7983e+09	1.79834e+09	1.79865e+09	1.79868e+09	1	1
175	0	1	1.80042e+09	1.80047e+09	1.80077e+09	1.80083e+09	0	1
176	1	1	1.80736e+09	1.8074e+09	1.8077e+09	1.80788e+09	1	0
177	0	1	1.80949e+09	1.80953e+09	1.80983e+09	1.80999e+09	0	1
178	1	1	1.81985e+09	1.81989e+09	1.82019e+09	1.8203e+09	0	1
179	1	1	1.82683e+09	1.82688e+09	1.82718e+09	1.82966e+09	0	1
180	1	1	1.83915e+09	1.83918e+09	1.83949e+09	1.83974e+09	1	0
181	0	2	1.85053e+09	1.85057e+09	1.85087e+09	1.85097e+09	1	1
182	0	2	1.86546e+09	1.86549e+09	1.86579e+09	1.86595e+09	0	0
183	1	2	1.87247e+09	1.87251e+09	1.87281e+09	1.87308e+09	0	0
184	1	2	1.87962e+09	1.87966e+09	1.87996e+09	1.88005e+09	1	1
185	0	1	1.88404e+09	1.88407e+09	1.88437e+09	1.88657e+09	0	1
186	1	1	1.89664e+09	1.89668e+09	1.89698e+09	1.89704e+09	0	1
187	1	1	1.90622e+09	1.90626e+09	1.90656e+09	1.90662e+09	0	1
188	1	1	1.91352e+09	1.91356e+09	1.91386e+09	1.91394e+09	0	1
189	0	1	1.92744e+09	1.92747e+09	1.92777e+09	1.92785e+09	0	1
190	0	2	1.94054e+09	1.94059e+09	1.94089e+09	1.94126e+09	0	0
191	0	1	1.95461e+09	1.95465e+09	1.95495e+09	1.95574e+09	0	1
192	0	1	1.96295e+09	1.96299e+09	1.96329e+09	1.96435e+09	1	0
193	0	2	1.96903e+09	1.96907e+09	1.96937e+09	1.96976e+09	1	1
194	0	1	1.97279e+09	1.97284e+09	1.97314e+09	1.97392e+09	1	0
195	0	1	1.98136e+09	1.98141e+09	1.98171e+09	1.98174e+09	0	1
196	1	1	2.00389e+09	2.00393e+09	2.00423e+09	2.00444e+09	1	0
197	0	1	2.01545e+09	2.01549e+09	2.01579e+09	2.0176e+09	1	0
198	0	2	2.024e+09	2.02404e+09	2.02434e+09	2.02437e+09	1	1
199	0	2	2.03067e+09	2.0307e+09	2.031e+09	2.03104e+09	1	1
200	0	2	2.03945e+09	2.03948e+09	2.03978e+09	2.03984e+09	1	1
201	0	1	2.04835e+09	2.04839e+09	2.04869e+09	2.0488e+09	0	1
202	1	1	2.06381e+09	2.06386e+09	2.06416e+09	2.06423e+09	0	1
203	1	1	2.07482e+09	2.07485e+09	2.07515e+09	2.07536e+09	0	1
204	1	1	2.08934e+09	2.08939e+09	2.08969e+09	2.08987e+09	1	0
205	0	2	2.10985e+09	2.1099e+09	2.1102e+09	2.11022e+09	1	1
206	0	1	2.11516e+09	2.11519e+09	2.11549e+09	2.11551e+09	0	1
207	1	1	2.12253e+09	2.12257e+09	2.12287e+09	2.1229e+09	0	1
208	1	1	2.13876e+09	2.1388e+09	2.1391e+09	2.13916e+09	0	1
209	1	1	2.15265e+09	2.15268e+09	2.15298e+09	2.15306e+09	0	1
210	0	1	2.18103e+09	2.18108e+09	2.18138e+09	2.18145e+09	0	1
211	0	1	2.19093e+09	2.19097e+09	2.19127e+09	2.1913e+09	0	1
212	0	1	2.21098e+09	2.21101e+09	2.21131e+09	2.2115e+09	1	0
213	0	1	2.21421e+09	2.21425e+09	2.21455e+09	2.21468e+09	0	1
214	1	1	2.22367e+09	2.22371e+09	2.22401e+09	2.22451e+09	1	0
215	0	2	2.22691e+09	2.22695e+09	2.22725e+09	2.22732e+09	1	1
216	0	1	2.22901e+09	2.22905e+09	2.22935e+09	2.22943e+09	0	1
217	1	1	2.27745e+09	2.27748e+09	2.27778e+09	2.27783e+09	0	1
218	1	1	2.28532e+09	2.28535e+09	2.28565e+09	2.28567e+09	0	1
219	1	1	2.29925e+09	2.29929e+09	2.29959e+09	2.29976e+09	0	1
220	0	2	2.31214e+09	2.31218e+09	2.31248e+09	2.3127e+09	0	0
221	0	2	2.32642e+09	2.32645e+09	2.32675e+09	2.32685e+09	1	1
222	0	2	2.33391e+09	2.33395e+09	2.33425e+09	2.33427e+09	1	1
223	0	1	2.34626e+09	2.3463e+09	2.3466e+09	2.34662e+09	0	1
224	1	1	2.35753e+09	2.35757e+09	2.35787e+09	2.35797e+09	0	1
225	1	1	2.37521e+09	2.37526e+09	2.37556e+09	2.37558e+09	0	1
226	1	1	2.3851e+09	2.38514e+09	2.38544e+09	2.38547e+09	0	1
227	0	2	2.39665e+09	2.39668e+09	2.39698e+09	2.39703e+09	1	1
228	0	1	2.40614e+09	2.40618e+09	2.40648e+09	2.40649e+09	0	1
229	1	1	2.421e+09	2.42104e+09	2.42134e+09	2.42136e+09	0	1
230	1	1	2.42867e+09	2.4287e+09	2.429e+09	2.42903e+09	0	1
231	1	1	2.4371e+09	2.43714e+09	2.43744e+09	2.43746e+09	0	1
232	0	2	2.44991e+09	2.44995e+09	2.45025e+09	2.45031e+09	1	1
233	0	2	2.46136e+09	2.4614e+09	2.4617e+09	2.46171e+09	1	1
234	0	1	2.46585e+09	2.46589e+09	2.46619e+09	2.46629e+09	1	0
235	0	1	2.46798e+09	2.46801e+09	2.46831e+09	2.47036e+09	1	0
236	0	2	2.48323e+09	2.48327e+09	2.48357e+09	2.48359e+09	1	1
237	0	2	2.48541e+09	2.48545e+09	2.48575e+09	2.48942e+09	0	0
238	1	2	2.49722e+09	2.49725e+09	2.49756e+09	2.49758e+09	1	1
239	0	2	2.5123e+09	2.51234e+09	2.51264e+09	2.51271e+09	1	1
240	0	2	2.53118e+09	2.53122e+09	2.53152e+09	2.53154e+09	1	1
241	0	1	2.5436e+09	2.54364e+09	2.54394e+09	2.54396e+09	0	1
242	1	1	2.56112e+09	2.56116e+09	2.56146e+09	2.56154e+09	0	1
243	1	1	2.59408e+09	2.59412e+09	2.59442e+09	2.59444e+09	0	1
244	1	1	2.60128e+09	2.60132e+09	2.60162e+09	2.60167e+09	0	1
245	0	2	2.61322e+09	2.61325e+09	2.61355e+09	2.6136e+09	1	1
246	0	1	2.62335e+09	2.6234e+09	2.6237e+09	2.62382e+09	0	1
247	1	1	2.64352e+09	2.64357e+09	2.64387e+09	2.64389e+09	0	1
248	1	1	2.65115e+09	2.65119e+09	2.65149e+09	2.65152e+09	0	1
249	1	1	2.66671e+09	2.66675e+09	2.66705e+09	2.66714e+09	0	1
250	0	1	2.67779e+09	2.67784e+09	2.67814e+09	2.67832e+09	0	1
251	0	1	2.68572e+09	2.68577e+09	2.68607e+09	2.68618e+09	0	1
252	0	1	2.69644e+09	2.69649e+09	2.69679e+09	2.69687e+09	0	1
253	0	2	2.70338e+09	2.70342e+09	2.70372e+09	2.70388e+09	1	1
254	0	2	2.70563e+09	2.70567e+09	2.70597e+09	2.70612e+09	1	1
255	0	1	2.70774e+09	2.70778e+09	2.70808e+09	2.70961e+09	0	1
256	1	1	2.72088e+09	2.72091e+09	2.72121e+09	2.72136e+09	0	1
257	1	1	2.73525e+09	2.73528e+09	2.73558e+09	2.7356e+09	0	1
258	1	1	2.74584e+09	2.74588e+09	2.74618e+09	2.74626e+09	0	1
259	0	1	2.75668e+09	2.75672e+09	2.75702e+09	2.75709e+09	0	1
260	0	2	2.77165e+09	2.77169e+09	2.77199e+09	2.77212e+09	1	1
261	0	2	2.78008e+09	2.78011e+09	2.78041e+09	2.78046e+09	1	1
262	0	1	2.78713e+09	2.78717e+09	2.78747e+09	2.78768e+09	0	1
263	1	1	2.80043e+09	2.80046e+09	2.80076e+09	2.80079e+09	0	1
264	1	1	2.82727e+09	2.82731e+09	2.82761e+09	2.82778e+09	0	1
265	1	1	2.83429e+09	2.83433e+09	2.83463e+09	2.83466e+09	0	1
266	0	2	2.84361e+09	2.84366e+09	2.84396e+09	2.84403e+09	1	1
267	0	1	2.85048e+09	2.85051e+09	2.85081e+09	2.85089e+09	0	1
268	1	1	2.85932e+09	2.85937e+09	2.85967e+09	2.8597e+09	0	1
269	1	1	2.8696e+09	2.86964e+09	2.86994e+09	2.87013e+09	0	1
270	1	1	2.89173e+09	2.89176e+09	2.89206e+09	2.89207e+09	0	1
271	0	2	2.90003e+09	2.90007e+09	2.90037e+09	2.90046e+09	1	1
272	0	1	2.91279e+09	2.91283e+09	2.91313e+09	2.91696e+09	0	1
273	1	1	2.93447e+09	2.93451e+09	2.93481e+09	2.93486e+09	0	1
274	1	1	2.96457e+09	2.96461e+09	2.96491e+09	2.96499e+09	0	1
275	1	1	2.97938e+09	2.97942e+09	2.97972e+09	2.97991e+09	0	1
276	0	2	3.0035e+09	3.00354e+09	3.00384e+09	3.00386e+09	1	1
277	0	2	3.01638e+09	3.01641e+09	3.01671e+09	3.01676e+09	0	0
278	1	2	3.03764e+09	3.03768e+09	3.03798e+09	3.03801e+09	1	1
279	0	2	3.04953e+09	3.04956e+09	3.04986e+09	3.04988e+09	1	1
280	0	2	3.07131e+09	3.07135e+09	3.07165e+09	3.07167e+09	1	1
281	0	1	3.07521e+09	3.07524e+09	3.07554e+09	3.07559e+09	0	1
282	1	1	3.08865e+09	3.08869e+09	3.08899e+09	3.08914e+09	0	1
283	1	1	3.09568e+09	3.09572e+09	3.09602e+09	3.09604e+09	0	1
284	1	1	3.10356e+09	3.10359e+09	3.10389e+09	3.10392e+09	0	1
285	0	2	3.11587e+09	3.1159e+09	3.1162e+09	3.11621e+09	1	1
286	0	2	3.11799e+09	3.11803e+09	3.11833e+09	3.12658e+09	0	0
287	1	2	3.13873e+09	3.13877e+09	3.13907e+09	3.13909e+09	1	1
288	0	1	3.14128e+09	3.14133e+09	3.14163e+09	3.14173e+09	0	1
289	1	1	3.15003e+09	3.15007e+09	3.15037e+09	3.1504e+09	0	1
290	1	1	3.15992e+09	3.15996e+09	3.16026e+09	3.16032e+09	0	1
291	1	1	3.17884e+09	3.17889e+09	3.17919e+09	3.17926e+09	0	1
292	0	1	3.18606e+09	3.1861e+09	3.1864e+09	3.18647e+09	1	0
293	0	1	3.19525e+09	3.19529e+09	3.19559e+09	3.19562e+09	0	1
294	1	1	3.20448e+09	3.20451e+09	3.20481e+09	3.20485e+09	0	1
295	1	1	3.21147e+09	3.21151e+09	3.21181e+09	3.21183e+09	0	1
296	1	1	3.22267e+09	3.22271e+09	3.22301e+09	3.22303e+09	0	1
297	0	2	3.23005e+09	3.23008e+09	3.23038e+09	3.23073e+09	0	0
298	0	2	3.23725e+09	3.23729e+09	3.23759e+09	3.23761e+09	1	1
299	0	2	3.2497e+09	3.24975e+09	3.25005e+09	3.25007e+09	1	1
300	0	2	3.25198e+09	3.25202e+09	3.25232e+09	3.25255e+09	1	1
301	0	2	3.25456e+09	3.2546e+09	3.2549e+09	3.25628e+09	0	0
302	1	2	3.26301e+09	3.26304e+09	3.26334e+09	3.26359e+09	1	1
303	0	2	3.27172e+09	3.27176e+09	3.27206e+09	3.27216e+09	1	1
304	0	2	3.27393e+09	3.27397e+09	3.27427e+09	3.2744e+09	1	1
305	0	2	3.28695e+09	3.28699e+09	3.2873e+09	3.28731e+09	1	1
306	0	1	3.29329e+09	3.29333e+09	3.29363e+09	3.29381e+09	0	1
307	1	1	3.30318e+09	3.30322e+09	3.30352e+09	3.30377e+09	1	0
308	0	1	3.30602e+09	3.30606e+09	3.30636e+09	3.30663e+09	0	1
309	1	1	3.31759e+09	3.31763e+09	3.31793e+09	3.31795e+09	0	1
310	1	1	3.34087e+09	3.34091e+09	3.34121e+09	3.34125e+09	0	1
311	1	1	3.35111e+09	3.35115e+09	3.35145e+09	3.3515e+09	0	1
312	0	2	3.35822e+09	3.35826e+09	3.35856e+09	3.35858e+09	1	1
313	0	1	3.3612e+09	3.36124e+09	3.36154e+09	3.36158e+09	0	1
314	1	1	3.3681e+09	3.36814e+09	3.36844e+09	3.36867e+09	1	0
315	0	2	3.38074e+09	3.38079e+09	3.38109e+09	3.38117e+09	1	1
316	0	2	3.38919e+09	3.38922e+09	3.38952e+09	3.3896e+09	1	1
317	0	2	3.41114e+09	3.41118e+09	3.41148e+09	3.41161e+09	1	1
318	0	2	3.41333e+09	3.41336e+09	3.41366e+09	3.41592e+09	0	0
319	1	2	3.42591e+09	3.42596e+09	3.42626e+09	3.42634e+09	1	1
320	0	1	3.42796e+09	3.42801e+09	3.42831e+09	3.42951e+09	1	0
321	0	1	3.43181e+09	3.43185e+09	3.43215e+09	3.43289e+09	1	0
322	0	1	3.43453e+09	3.43457e+09	3.43487e+09	3.43504e+09	0	1
323	1	1	3.45995e+09	3.45999e+09	3.46029e+09	3.46037e+09	0	1
324	1	1	3.48158e+09	3.48162e+09	3.48192e+09	3.48193e+09	0	1
325	1	1	3.49284e+09	3.49288e+09	3.49318e+09	3.49322e+09	0	1
326	0	1	3.50039e+09	3.50042e+09	3.50072e+09	3.50089e+09	0	1
327	0	1	3.51891e+09	3.51894e+09	3.51924e+09	3.51944e+09	0	1
328	0	1	3.52753e+09	3.52758e+09	3.52788e+09	3.52795e+09	0	1
329	0	1	3.53496e+09	3.53501e+09	3.53531e+09	3.53544e+09	0	1
330	0	1	3.54398e+09	3.54402e+09	3.54432e+09	3.54435e+09	0	1
331	0	2	3.55267e+09	3.55271e+09	3.55301e+09	3.55313e+09	1	1
332	0	1	3.55603e+09	3.55607e+09	3.55637e+09	3.56036e+09	1	0
333	0	2	3.56199e+09	3.56204e+09	3.56234e+09	3.56236e+09	1	1
334	0	1	3.56423e+09	3.56427e+09	3.56457e+09	3.56583e+09	0	1
335	1	1	3.57502e+09	3.57506e+09	3.57536e+09	3.57541e+09	0	1
336	1	1	3.58195e+09	3.58199e+09	3.58229e+09	3.58231e+09	0	1
337	1	1	3.58955e+09	3.58958e+09	3.58988e+09	3.58992e+09	1	0
338	0	2	3.59165e+09	3.59169e+09	3.59199e+09	3.59229e+09	1	1
339	0	1	3.60831e+09	3.60835e+09	3.60865e+09	3.60887e+09	1	0
340	0	1	3.61579e+09	3.61583e+09	3.61613e+09	3.61623e+09	0	1
341	1	1	3.62897e+09	3.62901e+09	3.62931e+09	3.62933e+09	0	1
342	1	1	3.63758e+09	3.63762e+09	3.63792e+09	3.63803e+09	0	1
343	1	1	3.64472e+09	3.64476e+09	3.64506e+09	3.64524e+09	1	0
344	0	2	3.65368e+09	3.65371e+09	3.65401e+09	3.65405e+09	1	1
345	0	2	3.65568e+09	3.65573e+09	3.65603e+09	3.65916e+09	0	0
346	1	2	3.66568e+09	3.66572e+09	3.66602e+09	3.66608e+09	1	1
347	0	2	3.67469e+09	3.67473e+09	3.67503e+09	3.67504e+09	1	1
348	0	2	3.67667e+09	3.67671e+09	3.67701e+09	3.67717e+09	1	1
349	0	1	3.6793e+09	3.67935e+09	3.67965e+09	3.68034e+09	0	1
350	1	1	3.68776e+09	3.6878e+09	3.6881e+09	3.68813e+09	0	1
351	1	1	3.69486e+09	3.69491e+09	3.69521e+09	3.69529e+09	0	1
352	1	1	3.70203e+09	3.70207e+09	3.70237e+09	3.70252e+09	0	1
353	0	2	3.71128e+09	3.71132e+09	3.71162e+09	3.71167e+09	1	1
354	0	2	3.71334e+09	3.71338e+09	3.71368e+09	3.71389e+09	1	1
355	0	1	3.72204e+09	3.72207e+09	3.72237e+09	3.72239e+09	0	1
356	1	1	3.7397e+09	3.73974e+09	3.74004e+09	3.74014e+09	0	1
357	1	1	3.74665e+09	3.74669e+09	3.74699e+09	3.74702e+09	0	1
358	1	1	3.76428e+09	3.76431e+09	3.76461e+09	3.76471e+09	0	1
359	0	1	3.77178e+09	3.77183e+09	3.77213e+09	3.77216e+09	1	0
360	0	1	3.78086e+09	3.78091e+09	3.78121e+09	3.78131e+09	0	1
361	1	1	3.79293e+09	3.79297e+09	3.79327e+09	3.7933e+09	0	1
362	1	1	3.80093e+09	3.80097e+09	3.80127e+09	3.80128e+09	0	1
363	1	1	3.81874e+09	3.81878e+09	3.81908e+09	3.81919e+09	0	1
364	0	2	3.82826e+09	3.82831e+09	3.82861e+09	3.82864e+09	1	1
365	0	1	3.84303e+09	3.84308e+09	3.84338e+09	3.84341e+09	0	1
366	1	1	3.85103e+09	3.85106e+09	3.85136e+09	3.85147e+09	0	1
367	1	1	3.85836e+09	3.85839e+09	3.85869e+09	3.85871e+09	0	1
368	1	1	3.86759e+09	3.86762e+09	3.86801e+09	3.87011e+09	0	1
369	0	1	3.87744e+09	3.87749e+09	3.87779e+09	3.87792e+09	0	1
370	0	1	3.88513e+09	3.88517e+09	3.88547e+09	3.88881e+09	0	1
371	0	2	3.89573e+09	3.89577e+09	3.89607e+09	3.89612e+09	1	1
372	0	1	3.90318e+09	3.90322e+09	3.90352e+09	3.90357e+09	0	1
373	1	1	3.91116e+09	3.9112e+09	3.9115e+09	3.91166e+09	1	0
374	0	1	3.91348e+09	3.91353e+09	3.91383e+09	3.91737e+09	1	0
375	0	1	3.92666e+09	3.92669e+09	3.92699e+09	3.92704e+09	0	1
376	1	1	3.9459e+09	3.94594e+09	3.94624e+09	3.94648e+09	1	0
377	0	1	3.96535e+09	3.96539e+09	3.96569e+09	3.96573e+09	0	1
378	1	1	3.97816e+09	3.9782e+09	3.9785e+09	3.97856e+09	0	1
379	1	1	3.98518e+09	3.98521e+09	3.98551e+09	3.9856e+09	0	1
380	1	1	3.99302e+09	3.99306e+09	3.99336e+09	3.99362e+09	1	0
381	0	1	3.99562e+09	3.99567e+09	3.99597e+09	4.00688e+09	1	0
382	0	1	4.00852e+09	4.00857e+09	4.00887e+09	4.01486e+09	0	1
383	1	1	4.02311e+09	4.02316e+09	4.02346e+09	4.02353e+09	0	1
384	1	1	4.03005e+09	4.03009e+09	4.03039e+09	4.0305e+09	0	1
385	1	1	4.0387e+09	4.03874e+09	4.03904e+09	4.03906e+09	1	0
386	0	2	4.04406e+09	4.04411e+09	4.04441e+09	4.04447e+09	0	0
387	1	2	4.05099e+09	4.05102e+09	4.05132e+09	4.05135e+09	1	1
388	0	2	4.05471e+09	4.05475e+09	4.05505e+09	4.05508e+09	1	1
389	0	2	4.05686e+09	4.0569e+09	4.0572e+09	4.05735e+09	1	1
390	0	1	4.06274e+09	4.06277e+09	4.06307e+09	4.06324e+09	0	1
391	1	1	4.07536e+09	4.0754e+09	4.0757e+09	4.07573e+09	0	1
392	1	1	4.08225e+09	4.08229e+09	4.08259e+09	4.08276e+09	0	1
393	1	1	4.09698e+09	4.09702e+09	4.09732e+09	4.09746e+09	0	1
394	0	1	4.11305e+09	4.11309e+09	4.11339e+09	4.11349e+09	1	0
395	0	1	4.12048e+09	4.12052e+09	4.12082e+09	4.12097e+09	1	0
396	0	2	4.12618e+09	4.12623e+09	4.12653e+09	4.12655e+09	1	1
397	0	1	4.13218e+09	4.13222e+09	4.13252e+09	4.13258e+09	0	1
398	1	1	4.15228e+09	4.15233e+09	4.15263e+09	4.15296e+09	1	0
399	0	2	4.15613e+09	4.15617e+09	4.15647e+09	4.15668e+09	1	1
400	0	1	4.16422e+09	4.16426e+09	4.16456e+09	4.16475e+09	1	0
401	0	1	4.17087e+09	4.17091e+09	4.17121e+09	4.17133e+09	1	0
402	0	1	4.18391e+09	4.18395e+09	4.18425e+09	4.18433e+09	0	1
403	1	1	4.19452e+09	4.19457e+09	4.19487e+09	4.1949e+09	0	1
404	1	1	4.20817e+09	4.20821e+09	4.20851e+09	4.20859e+09	0	1
405	1	1	4.22082e+09	4.22086e+09	4.22116e+09	4.22127e+09	0	1
406	0	2	4.22877e+09	4.22881e+09	4.22911e+09	4.22912e+09	1	1
407	0	2	4.23526e+09	4.2353e+09	4.2356e+09	4.23563e+09	1	1
408	0	2	4.24317e+09	4.2432e+09	4.2435e+09	4.24352e+09	1	1
409	0	1	4.25122e+09	4.25126e+09	4.25156e+09	4.25175e+09	1	0
410	0	1	4.25655e+09	4.25658e+09	4.25688e+09	4.25691e+09	0	1
411	1	1	4.26503e+09	4.26507e+09	4.26537e+09	4.2654e+09	0	1
412	1	1	4.28298e+09	4.28302e+09	4.28332e+09	4.28334e+09	0	1
413	1	1	4.29055e+09	4.29059e+09	4.29089e+09	4.29091e+09	0	1
414	0	1	4.22606e+06	4.25995e+06	4.5602e+06	4.58202e+06	0	1
415	0	2	1.44159e+07	1.4463e+07	1.47632e+07	1.49002e+07	1	1
416	0	1	2.52375e+07	2.52825e+07	2.55827e+07	2.5609e+07	0	1
417	1	1	3.93472e+07	3.93913e+07	3.96916e+07	3.9753e+07	0	1
418	1	1	4.98719e+07	4.99133e+07	5.02135e+07	5.02992e+07	0	1
419	1	1	5.92958e+07	5.9337e+07	5.96372e+07	5.96575e+07	0	1
420	0	1	6.65866e+07	6.66216e+07	6.69218e+07	6.71383e+07	0	1
421	0	1	7.36973e+07	7.37367e+07	7.4037e+07	7.43105e+07	0	1
422	0	1	8.19159e+07	8.19621e+07	8.22623e+07	8.22988e+07	0	1
423	0	2	8.90983e+07	8.91373e+07	8.94375e+07	8.96201e+07	1	1
424	0	1	9.46319e+07	9.46738e+07	9.49741e+07	9.49931e+07	0	1
425	1	1	1.0152e+08	1.01561e+08	1.01861e+08	1.01882e+08	0	1
426	1	1	1.0861e+08	1.08657e+08	1.08957e+08	1.09182e+08	0	1
427	1	1	1.16564e+08	1.16601e+08	1.16901e+08	1.17318e+08	0	1
428	0	1	1.25405e+08	1.2544e+08	1.25741e+08	1.25875e+08	0	1
429	0	2	1.32407e+08	1.32453e+08	1.32753e+08	1.32963e+08	1	1
430	0	2	1.46981e+08	1.47015e+08	1.47315e+08	1.47333e+08	1	1
431	0	2	1.54039e+08	1.54086e+08	1.54387e+08	1.54406e+08	1	1
432	0	2	1.60453e+08	1.60497e+08	1.60797e+08	1.61067e+08	1	1
433	0	1	1.67095e+08	1.67133e+08	1.67433e+08	1.67676e+08	1	0
434	0	2	1.69314e+08	1.69357e+08	1.69658e+08	1.69771e+08	1	1
435	0	1	1.71934e+08	1.71973e+08	1.72273e+08	1.723e+08	0	1
436	1	1	1.79033e+08	1.7908e+08	1.7938e+08	1.79402e+08	0	1
437	1	1	1.88228e+08	1.88266e+08	1.88567e+08	1.88743e+08	1	0
438	0	1	1.95697e+08	1.95744e+08	1.96045e+08	1.96121e+08	0	1
439	1	1	2.02647e+08	2.0269e+08	2.0299e+08	2.03067e+08	1	0
440	0	1	2.0701e+08	2.07044e+08	2.07345e+08	2.07656e+08	0	1
441	1	1	2.15376e+08	2.15408e+08	2.15709e+08	2.15737e+08	0	1
442	1	1	2.29287e+08	2.29321e+08	2.29621e+08	2.29895e+08	1	0
443	0	1	2.38848e+08	2.38884e+08	2.39184e+08	2.3928e+08	0	1
444	1	1	2.46226e+08	2.46267e+08	2.46567e+08	2.46614e+08	0	1
445	1	1	2.53249e+08	2.53293e+08	2.53593e+08	2.53618e+08	0	1
446	1	1	2.63137e+08	2.63169e+08	2.63469e+08	2.63628e+08	0	1
447	0	1	2.79002e+08	2.79048e+08	2.79349e+08	2.79458e+08	0	1
448	0	2	2.85971e+08	2.86011e+08	2.86312e+08	2.86407e+08	1	1
449	0	1	2.95044e+08	2.95088e+08	2.95388e+08	2.95425e+08	0	1
450	1	1	3.04256e+08	3.04302e+08	3.04603e+08	3.04653e+08	0	1
451	1	1	3.1117e+08	3.11208e+08	3.11508e+08	3.11734e+08	0	1
452	1	1	3.20411e+08	3.20452e+08	3.20752e+08	3.21055e+08	0	1
453	0	1	3.37178e+08	3.37217e+08	3.37518e+08	3.39173e+08	0	1