
001	0	30	1.28881e+07	1.29362e+07	1.32378e+07	1.32518e+07	0	1
002	0	40	1.74295e+07	1.74745e+07	1.77748e+07	1.77963e+07	1	1
003	0	30	2.44501e+07	2.44989e+07	2.47992e+07	2.48086e+07	0	1
004	0	33	2.73756e+07	2.74093e+07	2.77095e+07	2.77172e+07	1	1
005	0	20	3.17819e+07	3.18169e+07	3.21171e+07	3.21267e+07	0	1
006	1	20	3.92407e+07	3.92749e+07	3.95752e+07	3.95821e+07	0	1
007	1	20	4.9363e+07	4.94072e+07	4.97074e+07	4.97213e+07	1	0
008	0	30	5.3203e+07	5.32529e+07	5.35532e+07	5.35655e+07	1	1
009	0	33	6.94385e+07	6.94901e+07	6.97904e+07	6.98505e+07	0	0
010	0	33	9.32639e+07	9.33095e+07	9.36097e+07	9.38788e+07	0	0
011	0	40	9.84228e+07	9.84683e+07	9.87686e+07	9.88752e+07	1	1
012	0	20	1.09002e+08	1.0904e+08	1.0934e+08	1.09397e+08	0	1
013	1	20	1.11948e+08	1.11982e+08	1.12282e+08	1.12701e+08	1	0
014	0	20	1.26619e+08	1.26658e+08	1.26958e+08	1.26968e+08	1	0
015	0	40	1.30998e+08	1.31041e+08	1.31342e+08	1.31348e+08	1	1
016	0	20	1.68635e+08	1.68677e+08	1.68978e+08	1.68988e+08	0	1
017	1	20	1.72903e+08	1.72945e+08	1.73245e+08	1.73272e+08	0	1
018	1	20	1.77318e+08	1.77355e+08	1.77655e+08	1.77666e+08	0	1
019	1	20	1.86912e+08	1.86952e+08	1.87252e+08	1.87259e+08	1	0
020	0	37	2.07479e+08	2.07528e+08	2.07828e+08	2.07836e+08	0	0
021	0	27	2.18483e+08	2.18522e+08	2.18822e+08	2.18834e+08	1	0
022	0	23	2.2613e+08	2.26172e+08	2.26472e+08	2.26499e+08	1	0
023	0	20	2.30749e+08	2.30798e+08	2.31099e+08	2.31104e+08	0	1
024	1	20	2.33925e+08	2.33969e+08	2.34269e+08	2.34276e+08	0	1
025	1	20	2.40146e+08	2.40181e+08	2.40481e+08	2.40525e+08	1	0
026	0	20	2.45194e+08	2.45226e+08	2.45526e+08	2.45535e+08	0	1
027	1	20	2.52041e+08	2.52077e+08	2.52377e+08	2.52393e+08	1	0
028	0	33	2.59864e+08	2.59906e+08	2.60206e+08	2.60251e+08	0	0
029	0	20	2.64652e+08	2.64685e+08	2.64985e+08	2.65148e+08	1	0
030	0	23	2.70259e+08	2.70292e+08	2.70592e+08	2.70667e+08	1	0
031	0	40	2.86222e+08	2.8627e+08	2.8657e+08	2.86595e+08	0	0
032	1	40	2.93774e+08	2.9382e+08	2.9412e+08	2.94137e+08	1	1
033	0	33	3.01988e+08	3.02032e+08	3.02332e+08	3.02341e+08	0	0
034	0	27	3.05688e+08	3.05738e+08	3.06038e+08	3.06257e+08	1	0
035	0	37	3.09663e+08	3.09708e+08	3.10008e+08	3.10013e+08	1	1
036	0	23	3.22572e+08	3.22621e+08	3.22921e+08	3.22928e+08	1	0
037	0	40	3.31679e+08	3.31712e+08	3.32013e+08	3.32023e+08	1	1
038	0	30	3.39597e+08	3.39629e+08	3.3993e+08	3.39936e+08	0	0
039	0	33	3.42505e+08	3.42541e+08	3.42841e+08	3.42926e+08	0	0
040	0	23	3.59779e+08	3.59814e+08	3.60114e+08	3.60139e+08	1	0
041	0	40	3.64167e+08	3.64201e+08	3.64502e+08	3.64508e+08	1	1
042	0	23	3.67415e+08	3.67449e+08	3.6775e+08	3.67757e+08	0	1
043	0	33	3.74093e+08	3.74139e+08	3.74439e+08	3.74447e+08	1	1
044	0	37	3.78053e+08	3.78085e+08	3.78385e+08	3.7839e+08	1	1
045	0	40	3.81877e+08	3.81909e+08	3.82209e+08	3.82217e+08	1	1
046	0	23	3.92378e+08	3.92419e+08	3.92719e+08	3.92725e+08	0	1
047	0	40	3.95557e+08	3.95588e+08	3.95888e+08	3.95911e+08	1	1
048	0	20	4.00263e+08	4.003e+08	4.006e+08	4.00606e+08	0	1
049	1	20	4.10407e+08	4.10451e+08	4.10751e+08	4.10762e+08	0	1
050	1	20	4.16715e+08	4.16761e+08	4.17062e+08	4.17147e+08	1	0
051	0	23	4.22725e+08	4.22777e+08	4.23077e+08	4.23132e+08	0	1
052	0	37	4.33098e+08	4.3314e+08	4.3344e+08	4.33448e+08	0	0
053	0	37	4.38613e+08	4.3865e+08	4.3895e+08	4.38957e+08	1	1
054	0	30	4.4423e+08	4.44278e+08	4.44579e+08	4.44587e+08	0	1
055	0	27	4.56418e+08	4.56455e+08	4.56755e+08	4.56764e+08	1	0
056	0	27	4.63882e+08	4.63925e+08	4.64225e+08	4.64232e+08	0	1
057	0	23	4.79029e+08	4.79064e+08	4.79364e+08	4.79383e+08	0	1
058	0	27	4.89391e+08	4.89436e+08	4.89737e+08	4.89744e+08	1	0
059	0	30	5.00323e+08	5.00364e+08	5.00664e+08	5.00694e+08	1	1
060	0	20	5.24817e+08	5.2485e+08	5.25151e+08	5.25164e+08	0	1
061	1	20	5.46413e+08	5.46461e+08	5.46761e+08	5.46776e+08	1	0
062	0	33	5.53085e+08	5.53131e+08	5.53431e+08	5.53436e+08	1	1
063	0	40	5.56672e+08	5.56718e+08	5.57018e+08	5.57094e+08	1	1
064	0	40	5.64617e+08	5.64652e+08	5.64952e+08	5.6496e+08	1	1
065	0	20	5.69802e+08	5.69843e+08	5.70143e+08	5.7015e+08	0	1
066	1	20	5.78969e+08	5.79002e+08	5.79303e+08	5.79311e+08	1	0
067	0	27	5.93572e+08	5.93618e+08	5.93918e+08	5.94192e+08	0	1
068	0	30	6.08079e+08	6.08122e+08	6.08422e+08	6.08428e+08	1	0
069	0	40	6.21445e+08	6.21481e+08	6.21781e+08	6.21787e+08	0	0
070	1	40	6.27611e+08	6.27648e+08	6.27949e+08	6.27957e+08	1	1
071	0	20	6.34292e+08	6.34334e+08	6.34634e+08	6.34749e+08	1	0
072	0	37	6.41729e+08	6.41769e+08	6.42069e+08	6.42078e+08	1	1
073	0	20	6.51428e+08	6.51461e+08	6.51761e+08	6.51823e+08	1	0
074	0	40	6.55225e+08	6.55264e+08	6.55564e+08	6.55619e+08	1	1
075	0	40	6.74298e+08	6.74341e+08	6.74641e+08	6.74672e+08	1	1
076	0	40	6.85708e+08	6.85741e+08	6.86041e+08	6.86061e+08	0	0
077	1	40	6.92193e+08	6.92229e+08	6.92529e+08	6.92542e+08	1	1
078	0	20	6.96464e+08	6.96499e+08	6.96799e+08	6.96808e+08	0	1
079	1	20	6.99606e+08	6.99647e+08	6.99947e+08	6.99975e+08	0	1
080	1	20	7.02523e+08	7.02558e+08	7.02859e+08	7.02864e+08	0	1
081	1	20	7.06119e+08	7.06167e+08	7.06467e+08	7.06473e+08	0	1
082	0	40	7.27745e+08	7.2779e+08	7.2809e+08	7.28222e+08	0	0
083	0	20	7.37525e+08	7.3756e+08	7.3786e+08	7.37874e+08	0	1
084	0	40	7.41845e+08	7.4189e+08	7.42191e+08	7.4227e+08	1	1
085	0	40	7.51336e+08	7.51381e+08	7.51681e+08	7.54218e+08	0	0
086	1	40	7.62948e+08	7.62994e+08	7.63294e+08	7.64582e+08	0	0
087	1	40	7.71781e+08	7.71819e+08	7.72119e+08	7.72292e+08	0	0
088	1	40	7.77898e+08	7.77937e+08	7.78237e+08	7.78265e+08	0	0
089	0	37	8.14277e+08	8.14312e+08	8.14612e+08	8.14622e+08	0	0
090	0	27	8.18157e+08	8.18199e+08	8.18499e+08	8.18573e+08	0	1
091	0	20	8.21123e+08	8.21172e+08	8.21472e+08	8.21492e+08	0	1
092	1	20	8.27696e+08	8.2774e+08	8.2804e+08	8.28081e+08	1	0
093	0	33	8.33981e+08	8.34024e+08	8.34324e+08	8.34412e+08	1	1
094	0	40	8.48272e+08	8.48314e+08	8.48614e+08	8.52268e+08	1	1
095	0	33	8.6335e+08	8.63389e+08	8.63689e+08	8.65538e+08	0	0
096	0	20	8.79449e+08	8.79493e+08	8.79793e+08	8.79817e+08	0	1
097	1	20	8.97711e+08	8.97754e+08	8.98054e+08	8.99731e+08	0	1
098	1	20	9.07148e+08	9.07182e+08	9.07482e+08	9.07857e+08	1	0
099	0	30	9.19753e+08	9.19799e+08	9.20099e+08	9.23873e+08	0	0
100	0	40	9.27702e+08	9.27738e+08	9.28039e+08	9.28062e+08	1	1
101	0	30	9.33818e+08	9.33867e+08	9.34168e+08	9.3419e+08	0	0
102	0	30	9.38661e+08	9.38694e+08	9.38994e+08	9.39158e+08	0	1
103	0	40	9.43007e+08	9.43045e+08	9.43346e+08	9.43386e+08	0	0
104	1	40	9.46231e+08	9.46269e+08	9.4657e+08	9.47677e+08	0	0
105	1	40	9.51158e+08	9.51191e+08	9.51491e+08	9.53999e+08	0	0
106	1	40	9.5818e+08	9.58231e+08	9.58531e+08	9.60687e+08	0	0
107	0	23	9.65207e+08	9.65254e+08	9.65554e+08	9.65606e+08	0	1
108	0	20	9.71179e+08	9.71215e+08	9.71515e+08	9.7159e+08	1	0
109	0	30	9.9703e+08	9.97063e+08	9.97363e+08	9.97534e+08	0	0
110	0	30	1.00898e+09	1.00902e+09	1.00932e+09	1.00935e+09	1	1
111	0	27	1.01194e+09	1.01197e+09	1.01227e+09	1.01238e+09	0	1
112	0	20	1.02243e+09	1.02247e+09	1.02277e+09	1.02295e+09	1	0
113	0	37	1.03286e+09	1.03289e+09	1.03319e+09	1.03328e+09	0	0
114	0	27	1.03598e+09	1.03603e+09	1.03633e+09	1.0364e+09	0	1
115	0	20	1.03924e+09	1.03928e+09	1.03958e+09	1.03963e+09	0	1
116	1	20	1.05044e+09	1.05047e+09	1.05077e+09	1.05087e+09	1	0
117	0	30	1.05702e+09	1.05706e+09	1.05736e+09	1.05737e+09	1	1
118	0	37	1.06603e+09	1.06608e+09	1.06638e+09	1.06639e+09	0	0
119	0	40	1.06949e+09	1.06953e+09	1.06983e+09	1.07081e+09	0	0
120	1	40	1.07336e+09	1.07339e+09	1.07369e+09	1.07383e+09	0	0
121	1	40	1.07788e+09	1.07792e+09	1.07822e+09	1.07829e+09	1	1
122	0	40	1.08199e+09	1.08203e+09	1.08233e+09	1.08234e+09	1	1
123	0	40	1.0868e+09	1.08684e+09	1.08714e+09	1.08716e+09	0	0
124	1	40	1.08971e+09	1.08976e+09	1.09006e+09	1.09026e+09	0	0
125	1	40	1.09588e+09	1.09591e+09	1.09621e+09	1.09624e+09	0	0
126	1	40	1.10103e+09	1.10107e+09	1.10137e+09	1.10527e+09	0	0
127	0	20	1.11238e+09	1.11242e+09	1.11272e+09	1.11275e+09	1	0
128	0	30	1.11676e+09	1.11679e+09	1.11709e+09	1.1171e+09	0	1
129	0	27	1.12102e+09	1.12106e+09	1.12136e+09	1.12155e+09	1	0
130	0	40	1.13112e+09	1.13115e+09	1.13145e+09	1.13157e+09	0	0
131	1	40	1.13566e+09	1.1357e+09	1.136e+09	1.13604e+09	0	0
132	1	40	1.14052e+09	1.14056e+09	1.14086e+09	1.14088e+09	1	1
133	0	20	1.14801e+09	1.14805e+09	1.14835e+09	1.14845e+09	1	0
134	0	27	1.15335e+09	1.15339e+09	1.15369e+09	1.15694e+09	0	1
135	0	27	1.16151e+09	1.16155e+09	1.16185e+09	1.16193e+09	1	0
136	0	37	1.16455e+09	1.16459e+09	1.16489e+09	1.16493e+09	1	1
137	0	40	1.17138e+09	1.17142e+09	1.17172e+09	1.17213e+09	0	0
138	1	40	1.17469e+09	1.17473e+09	1.17503e+09	1.17944e+09	0	0
139	1	40	1.18199e+09	1.18203e+09	1.18233e+09	1.1825e+09	0	0
140	1	40	1.1864e+09	1.18643e+09	1.18673e+09	1.18977e+09	0	0
141	0	23	1.19354e+09	1.19358e+09	1.19388e+09	1.19413e+09	1	0
142	0	23	1.20386e+09	1.2039e+09	1.2042e+09	1.20423e+09	0	1
143	0	20	1.20977e+09	1.20981e+09	1.21011e+09	1.21013e+09	0	1
144	1	20	1.21399e+09	1.21403e+09	1.21433e+09	1.21448e+09	0	1
145	1	20	1.21709e+09	1.21713e+09	1.21743e+09	1.21754e+09	1	0
146	0	30	1.2218e+09	1.22184e+09	1.22214e+09	1.22631e+09	1	0
147	0	27	1.23325e+09	1.23329e+09	1.23359e+09	1.23369e+09	0	1
148	0	30	1.2377e+09	1.23774e+09	1.23804e+09	1.23814e+09	1	1
149	0	20	1.24541e+09	1.24546e+09	1.24576e+09	1.24584e+09	1	0
150	0	37	1.25685e+09	1.25689e+09	1.25719e+09	1.25727e+09	0	0
151	0	20	1.25982e+09	1.25986e+09	1.26017e+09	1.26265e+09	1	0
152	0	23	1.26906e+09	1.26911e+09	1.26941e+09	1.2697e+09	1	0
153	0	37	1.29215e+09	1.2922e+09	1.2925e+09	1.29282e+09	0	0
154	0	33	1.30274e+09	1.30277e+09	1.30307e+09	1.30317e+09	0	0
155	0	33	1.30573e+09	1.30577e+09	1.30607e+09	1.30626e+09	1	1
156	0	20	1.31253e+09	1.31258e+09	1.31288e+09	1.31325e+09	0	1
157	1	20	1.31854e+09	1.31858e+09	1.31888e+09	1.31892e+09	0	1
158	1	20	1.32178e+09	1.32182e+09	1.32212e+09	1.32219e+09	1	0
159	0	20	1.32794e+09	1.32799e+09	1.32829e+09	1.32832e+09	1	0
160	0	40	1.33361e+09	1.33366e+09	1.33396e+09	1.33471e+09	0	0
161	1	40	1.3396e+09	1.33965e+09	1.33995e+09	1.34016e+09	0	0
162	1	40	1.34273e+09	1.34277e+09	1.34307e+09	1.34308e+09	1	1
163	0	30	1.35078e+09	1.35082e+09	1.35112e+09	1.35113e+09	1	0
164	0	33	1.35883e+09	1.35887e+09	1.35917e+09	1.35928e+09	1	1
165	0	40	1.36752e+09	1.36756e+09	1.36786e+09	1.36793e+09	0	0
166	1	40	1.37049e+09	1.37053e+09	1.37083e+09	1.37111e+09	0	0
167	1	40	1.37416e+09	1.37419e+09	1.37449e+09	1.38656e+09	1	1
168	0	33	1.3941e+09	1.39414e+09	1.39444e+09	1.39446e+09	1	1
169	0	33	1.403e+09	1.40304e+09	1.40334e+09	1.40335e+09	1	1
170	0	20	1.41006e+09	1.41009e+09	1.41039e+09	1.41042e+09	0	1
171	1	20	1.41426e+09	1.41429e+09	1.41459e+09	1.41469e+09	0	1
172	1	20	1.41725e+09	1.41729e+09	1.41759e+09	1.41761e+09	0	1
173	1	20	1.42163e+09	1.42168e+09	1.42198e+09	1.42199e+09	0	1
174	0	40	1.42461e+09	1.42465e+09	1.42495e+09	1.42758e+09	1	1
175	0	20	1.43285e+09	1.4329e+09	1.4332e+09	1.43325e+09	1	0
176	0	40	1.44029e+09	1.44033e+09	1.44063e+09	1.44075e+09	0	0
177	1	40	1.44502e+09	1.44506e+09	1.44536e+09	1.44537e+09	1	1
178	0	20	1.45632e+09	1.45636e+09	1.45666e+09	1.45668e+09	0	1
179	1	20	1.4606e+09	1.46063e+09	1.46093e+09	1.46105e+09	0	1
180	1	20	1.46394e+09	1.46397e+09	1.46427e+09	1.46441e+09	1	0
181	0	40	1.47139e+09	1.47143e+09	1.47173e+09	1.47175e+09	0	0
182	1	40	1.47431e+09	1.47434e+09	1.47464e+09	1.47485e+09	0	0
183	1	40	1.48063e+09	1.48067e+09	1.48097e+09	1.48397e+09	0	0
184	1	40	1.48821e+09	1.48825e+09	1.48855e+09	1.48859e+09	0	0
185	0	37	1.49115e+09	1.49119e+09	1.49149e+09	1.49222e+09	0	0
186	0	37	1.49909e+09	1.49913e+09	1.49943e+09	1.49947e+09	1	1
187	0	20	1.50749e+09	1.50753e+09	1.50783e+09	1.50789e+09	1	0
188	0	23	1.51498e+09	1.51501e+09	1.51531e+09	1.5173e+09	1	0
189	0	27	1.52305e+09	1.52309e+09	1.52339e+09	1.5234e+09	0	1
190	0	40	1.52596e+09	1.526e+09	1.5263e+09	1.52631e+09	1	1
191	0	20	1.53287e+09	1.53291e+09	1.53321e+09	1.53354e+09	1	0
192	0	33	1.53951e+09	1.53955e+09	1.53985e+09	1.54033e+09	0	0
193	0	20	1.54288e+09	1.54292e+09	1.54322e+09	1.54328e+09	1	0
194	0	20	1.54914e+09	1.54918e+09	1.54948e+09	1.55013e+09	0	1
195	1	20	1.55269e+09	1.55273e+09	1.55303e+09	1.55493e+09	0	1
196	1	20	1.55956e+09	1.55959e+09	1.55989e+09	1.56001e+09	0	1
197	1	20	1.56537e+09	1.5654e+09	1.5657e+09	1.56572e+09	1	0
198	0	40	1.57714e+09	1.57718e+09	1.57748e+09	1.57761e+09	0	0
199	1	40	1.58016e+09	1.5802e+09	1.5805e+09	1.58053e+09	1	1
200	0	37	1.58737e+09	1.58741e+09	1.58771e+09	1.58772e+09	0	0
201	0	30	1.59674e+09	1.59679e+09	1.59709e+09	1.59821e+09	0	0
202	0	20	1.60163e+09	1.60167e+09	1.60197e+09	1.60199e+09	1	0
203	0	27	1.60917e+09	1.60921e+09	1.60951e+09	1.60953e+09	0	1
204	0	40	1.61336e+09	1.6134e+09	1.6137e+09	1.61402e+09	1	1
205	0	37	1.62819e+09	1.62823e+09	1.62853e+09	1.62869e+09	0	0
206	0	30	1.63316e+09	1.63321e+09	1.63351e+09	1.63357e+09	1	1
207	0	20	1.64016e+09	1.6402e+09	1.6405e+09	1.64078e+09	1	0
208	0	23	1.65584e+09	1.65588e+09	1.65618e+09	1.6562e+09	0	1
209	0	27	1.65875e+09	1.65879e+09	1.65909e+09	1.66463e+09	1	0
210	0	30	1.67256e+09	1.6726e+09	1.6729e+09	1.67323e+09	1	0
211	0	30	1.67946e+09	1.67951e+09	1.67981e+09	1.68e+09	1	1
212	0	40	1.69242e+09	1.69247e+09	1.69277e+09	1.69278e+09	1	1
213	0	27	1.69803e+09	1.69806e+09	1.69836e+09	1.69841e+09	1	0
214	0	20	1.701e+09	1.70105e+09	1.70135e+09	1.70135e+09	0	1
215	1	20	1.71548e+09	1.71552e+09	1.71582e+09	1.71592e+09	0	1
216	1	20	1.72736e+09	1.7274e+09	1.7277e+09	1.72782e+09	0	1
217	1	20	1.73262e+09	1.73267e+09	1.73297e+09	1.733e+09	0	1
218	0	33	1.74303e+09	1.74306e+09	1.74336e+09	1.74338e+09	1	1
219	0	40	1.7535e+09	1.75354e+09	1.75384e+09	1.75599e+09	0	0
220	1	40	1.75889e+09	1.75893e+09	1.75923e+09	1.75929e+09	1	1
221	0	33	1.76405e+09	1.76409e+09	1.76439e+09	1.77089e+09	1	1
222	0	20	1.77548e+09	1.77553e+09	1.77583e+09	1.77801e+09	1	0
223	0	20	1.78489e+09	1.78493e+09	1.78523e+09	1.78891e+09	1	0
224	0	27	1.79402e+09	1.79405e+09	1.79435e+09	1.79628e+09	0	1
225	0	20	1.79884e+09	1.79887e+09	1.79917e+09	1.80244e+09	0	1
226	1	20	1.8066e+09	1.80665e+09	1.80695e+09	1.81089e+09	0	1
227	1	20	1.81346e+09	1.81349e+09	1.81379e+09	1.81995e+09	0	1
228	1	20	1.82265e+09	1.82269e+09	1.82299e+09	1.82302e+09	0	1
229	0	33	1.82557e+09	1.8256e+09	1.8259e+09	1.82592e+09	0	0
230	0	20	1.82848e+09	1.82851e+09	1.82881e+09	1.82888e+09	0	1
231	1	20	1.8369e+09	1.83694e+09	1.83724e+09	1.83726e+09	1	0
232	0	40	1.83986e+09	1.8399e+09	1.8402e+09	1.84021e+09	1	1
233	0	40	1.84975e+09	1.84978e+09	1.85008e+09	1.85009e+09	1	1
234	0	40	1.85443e+09	1.85447e+09	1.85477e+09	1.8549e+09	1	1
235	0	33	1.86151e+09	1.86154e+09	1.86184e+09	1.86193e+09	1	1
236	0	30	1.86961e+09	1.86965e+09	1.86995e+09	1.86996e+09	1	1
237	0	23	1.88998e+09	1.89003e+09	1.89033e+09	1.89034e+09	0	1
238	0	20	1.89477e+09	1.8948e+09	1.8951e+09	1.89515e+09	0	1
239	1	20	1.90375e+09	1.90379e+09	1.90409e+09	1.90417e+09	0	1
240	1	20	1.90701e+09	1.90705e+09	1.90735e+09	1.90748e+09	0	1
241	1	20	1.91371e+09	1.91375e+09	1.91405e+09	1.91405e+09	0	1
242	0	20	1.934e+09	1.93403e+09	1.93433e+09	1.93453e+09	0	1
243	0	40	1.93827e+09	1.93832e+09	1.93862e+09	1.93863e+09	1	1
244	0	20	1.95245e+09	1.95249e+09	1.95279e+09	1.95285e+09	0	1
245	1	20	1.96286e+09	1.9629e+09	1.9632e+09	1.96356e+09	1	0
246	0	37	1.96953e+09	1.96958e+09	1.96988e+09	1.97322e+09	0	0
247	0	23	1.97857e+09	1.9786e+09	1.9789e+09	1.97901e+09	1	0
248	0	20	1.98632e+09	1.98637e+09	1.98667e+09	1.9868e+09	0	1
249	1	20	1.99879e+09	1.99884e+09	1.99914e+09	1.99915e+09	0	1
250	1	20	2.01848e+09	2.01851e+09	2.01881e+09	2.01903e+09	1	0
251	0	30	2.02538e+09	2.02542e+09	2.02572e+09	2.02591e+09	1	0
252	0	33	2.0325e+09	2.03255e+09	2.03285e+09	2.03305e+09	0	0
253	0	33	2.04611e+09	2.04614e+09	2.04644e+09	2.04647e+09	0	0
254	0	40	2.05194e+09	2.05198e+09	2.05228e+09	2.05266e+09	0	0
255	1	40	2.06748e+09	2.06752e+09	2.06782e+09	2.06798e+09	0	0
256	1	40	2.11473e+09	2.11477e+09	2.11507e+09	2.11542e+09	0	0
257	1	40	2.12494e+09	2.12497e+09	2.12527e+09	2.12568e+09	0	0
258	0	40	2.12939e+09	2.12943e+09	2.12973e+09	2.13343e+09	0	0
259	0	33	2.14209e+09	2.14213e+09	2.14243e+09	2.14255e+09	0	0
260	0	40	2.14511e+09	2.14515e+09	2.14545e+09	2.14629e+09	0	0
261	1	40	2.1584e+09	2.15844e+09	2.15874e+09	2.15917e+09	0	0
262	1	40	2.17276e+09	2.1728e+09	2.1731e+09	2.17352e+09	0	0
263	1	40	2.18045e+09	2.18048e+09	2.18078e+09	2.18181e+09	1	1
264	0	37	2.19478e+09	2.19481e+09	2.19511e+09	2.19516e+09	0	0
265	0	30	2.19936e+09	2.1994e+09	2.1997e+09	2.20323e+09	0	0
266	0	37	2.20579e+09	2.20582e+09	2.20612e+09	2.20624e+09	1	1
267	0	40	2.21136e+09	2.2114e+09	2.2117e+09	2.21173e+09	1	1
268	0	20	2.21883e+09	2.21887e+09	2.21917e+09	2.21925e+09	0	1
269	1	20	2.22216e+09	2.2222e+09	2.2225e+09	2.22257e+09	0	1
270	1	20	2.22635e+09	2.2264e+09	2.2267e+09	2.22782e+09	1	0
271	0	27	2.23455e+09	2.2346e+09	2.2349e+09	2.23507e+09	1	0
272	0	23	2.24932e+09	2.24936e+09	2.24966e+09	2.24977e+09	1	0
273	0	40	2.25983e+09	2.25987e+09	2.26018e+09	2.2602e+09	0	0
274	1	40	2.27374e+09	2.27378e+09	2.27408e+09	2.27433e+09	0	0
275	1	40	2.27792e+09	2.27796e+09	2.27826e+09	2.27829e+09	0	0
276	1	40	2.28555e+09	2.2856e+09	2.2859e+09	2.28624e+09	1	1
277	0	40	2.29313e+09	2.29317e+09	2.29347e+09	2.29374e+09	0	0
278	1	40	2.29976e+09	2.2998e+09	2.3001e+09	2.30029e+09	0	0
279	1	40	2.30285e+09	2.30289e+09	2.30319e+09	2.30332e+09	0	0
280	1	40	2.30588e+09	2.30591e+09	2.30621e+09	2.30627e+09	1	1
281	0	40	2.31101e+09	2.31106e+09	2.31136e+09	2.31148e+09	0	0
282	1	40	2.31488e+09	2.31492e+09	2.31522e+09	2.31537e+09	0	0
283	1	40	2.34216e+09	2.3422e+09	2.3425e+09	2.34257e+09	0	0
284	1	40	2.34603e+09	2.34607e+09	2.34637e+09	2.3464e+09	1	1
285	0	30	2.34984e+09	2.34989e+09	2.35019e+09	2.35024e+09	0	0
286	0	20	2.35605e+09	2.35609e+09	2.35639e+09	2.35649e+09	1	0
287	0	33	2.36504e+09	2.36509e+09	2.36539e+09	2.36565e+09	0	0
288	0	30	2.36862e+09	2.36866e+09	2.36896e+09	2.36929e+09	1	0
289	0	37	2.37459e+09	2.37463e+09	2.37493e+09	2.37495e+09	0	0
290	0	30	2.37897e+09	2.379e+09	2.3793e+09	2.37942e+09	0	1
291	0	27	2.38199e+09	2.38204e+09	2.38234e+09	2.3849e+09	1	0
292	0	20	2.39616e+09	2.3962e+09	2.3965e+09	2.39654e+09	0	1
293	1	20	2.39941e+09	2.39945e+09	2.39975e+09	2.39987e+09	1	0
294	0	23	2.42372e+09	2.42376e+09	2.42406e+09	2.42437e+09	1	0
295	0	33	2.43079e+09	2.43083e+09	2.43113e+09	2.43115e+09	1	1
296	0	40	2.44849e+09	2.44853e+09	2.44883e+09	2.44885e+09	0	0
297	1	40	2.45676e+09	2.4568e+09	2.4571e+09	2.45719e+09	0	0
298	1	40	2.45975e+09	2.45978e+09	2.46008e+09	2.46015e+09	1	1
299	0	30	2.46781e+09	2.46785e+09	2.46815e+09	2.46834e+09	1	0
300	0	20	2.4764e+09	2.47644e+09	2.47674e+09	2.47678e+09	1	0
301	0	20	2.48249e+09	2.48253e+09	2.48283e+09	2.48288e+09	0	1
302	1	20	2.48549e+09	2.48553e+09	2.48583e+09	2.48601e+09	1	0
303	0	40	2.49314e+09	2.49317e+09	2.49347e+09	2.4935e+09	1	1
304	0	37	2.49609e+09	2.49613e+09	2.49643e+09	2.49644e+09	1	1
305	0	27	2.50415e+09	2.50419e+09	2.50449e+09	2.50452e+09	0	1
306	0	40	2.50978e+09	2.50982e+09	2.51012e+09	2.51014e+09	1	1
307	0	27	2.53274e+09	2.53279e+09	2.53309e+09	2.5331e+09	0	1
308	0	33	2.53715e+09	2.53718e+09	2.53748e+09	2.5375e+09	1	1
309	0	33	2.54425e+09	2.54429e+09	2.54459e+09	2.54462e+09	1	1
310	0	33	2.58102e+09	2.58107e+09	2.58137e+09	2.58138e+09	1	1
311	0	20	2.59222e+09	2.59226e+09	2.59256e+09	2.59258e+09	0	1
312	1	20	2.59573e+09	2.59577e+09	2.59607e+09	2.59609e+09	0	1
313	1	20	2.61202e+09	2.61206e+09	2.61236e+09	2.61237e+09	0	1
314	1	20	2.61892e+09	2.61895e+09	2.61925e+09	2.61932e+09	0	1
315	0	20	2.62188e+09	2.62191e+09	2.62221e+09	2.62234e+09	0	1
316	0	23	2.62541e+09	2.62545e+09	2.62575e+09	2.62576e+09	0	1
317	0	20	2.65507e+09	2.65511e+09	2.65541e+09	2.65544e+09	0	1
318	1	20	2.66093e+09	2.66096e+09	2.66126e+09	2.66302e+09	1	0
319	0	27	2.67159e+09	2.67163e+09	2.67193e+09	2.67196e+09	1	0
320	0	27	2.68293e+09	2.68297e+09	2.68327e+09	2.6833e+09	0	1
321	0	40	2.69206e+09	2.69211e+09	2.69241e+09	2.69255e+09	0	0
322	1	40	2.69544e+09	2.69549e+09	2.69579e+09	2.6959e+09	1	1
323	0	30	2.70279e+09	2.70284e+09	2.70314e+09	2.70338e+09	1	0
324	0	40	2.71503e+09	2.71507e+09	2.71537e+09	2.71547e+09	0	0
325	1	40	2.71868e+09	2.71871e+09	2.71901e+09	2.71995e+09	0	0
326	1	40	2.72287e+09	2.72292e+09	2.72322e+09	2.72324e+09	0	0
327	1	40	2.74761e+09	2.74764e+09	2.74794e+09	2.74812e+09	0	0
328	0	23	2.75328e+09	2.75331e+09	2.75361e+09	2.75783e+09	1	0
329	0	20	2.76544e+09	2.76549e+09	2.76579e+09	2.76613e+09	1	0
330	0	27	2.77296e+09	2.77301e+09	2.77331e+09	2.77348e+09	1	0
331	0	20	2.77848e+09	2.77852e+09	2.77882e+09	2.77885e+09	0	1
332	1	20	2.79686e+09	2.7969e+09	2.7972e+09	2.79802e+09	1	0
333	0	40	2.8171e+09	2.81713e+09	2.81743e+09	2.81747e+09	1	1
334	0	20	2.82218e+09	2.82221e+09	2.82251e+09	2.82255e+09	0	1
335	1	20	2.83262e+09	2.83266e+09	2.83296e+09	2.83299e+09	0	1
336	1	20	2.8392e+09	2.83924e+09	2.83954e+09	2.83958e+09	1	0
337	0	20	2.85501e+09	2.85505e+09	2.85535e+09	2.85571e+09	1	0
338	0	37	2.86182e+09	2.86186e+09	2.86216e+09	2.86236e+09	0	0
339	0	20	2.86714e+09	2.86719e+09	2.86749e+09	2.86791e+09	0	1
340	1	20	2.87128e+09	2.87131e+09	2.87161e+09	2.87165e+09	0	1
341	1	20	2.87524e+09	2.87528e+09	2.87558e+09	2.8757e+09	1	0
342	0	20	2.89036e+09	2.8904e+09	2.8907e+09	2.89366e+09	1	0
343	0	20	2.90462e+09	2.90465e+09	2.90495e+09	2.90528e+09	1	0
344	0	30	2.90787e+09	2.9079e+09	2.9082e+09	2.90821e+09	0	1
345	0	40	2.92976e+09	2.9298e+09	2.9301e+09	2.93017e+09	0	0
346	1	40	2.93497e+09	2.93502e+09	2.93532e+09	2.93545e+09	0	0
347	1	40	2.94158e+09	2.94163e+09	2.94193e+09	2.94205e+09	1	1
348	0	30	2.95298e+09	2.95301e+09	2.95331e+09	2.95343e+09	1	1
349	0	27	2.95919e+09	2.95924e+09	2.95954e+09	2.95961e+09	1	0
350	0	40	2.96828e+09	2.96833e+09	2.96863e+09	2.9687e+09	1	1
351	0	20	2.98541e+09	2.98545e+09	2.98575e+09	2.98606e+09	1	0
352	0	20	3.01635e+09	3.01639e+09	3.01669e+09	3.01674e+09	0	1
353	1	20	3.02026e+09	3.02029e+09	3.02059e+09	3.02251e+09	1	0
354	0	20	3.02937e+09	3.02941e+09	3.02971e+09	3.02978e+09	1	0
355	0	20	3.05156e+09	3.0516e+09	3.0519e+09	3.05192e+09	0	1
356	1	20	3.05839e+09	3.05843e+09	3.05873e+09	3.05884e+09	0	1
357	1	20	3.06387e+09	3.06391e+09	3.06421e+09	3.06427e+09	0	1
358	1	20	3.06753e+09	3.06757e+09	3.06787e+09	3.06791e+09	0	1
359	0	40	3.07301e+09	3.07306e+09	3.07336e+09	3.07341e+09	1	1
360	0	33	3.09209e+09	3.09212e+09	3.09242e+09	3.09243e+09	1	1
361	0	37	3.09715e+09	3.09719e+09	3.09749e+09	3.09749e+09	1	1
362	0	27	3.11734e+09	3.11739e+09	3.11769e+09	3.11773e+09	0	1
363	0	30	3.13116e+09	3.1312e+09	3.1315e+09	3.13152e+09	0	1
364	0	40	3.14303e+09	3.14306e+09	3.14336e+09	3.14452e+09	0	0
365	1	40	3.1473e+09	3.14733e+09	3.14763e+09	3.14771e+09	1	1
366	0	23	3.15374e+09	3.15377e+09	3.15408e+09	3.15421e+09	1	0
367	0	27	3.16368e+09	3.16373e+09	3.16403e+09	3.16406e+09	0	1
368	0	37	3.16712e+09	3.16715e+09	3.16745e+09	3.16748e+09	0	0
369	0	37	3.1713e+09	3.17134e+09	3.17164e+09	3.17171e+09	0	0
370	0	27	3.1744e+09	3.17444e+09	3.17474e+09	3.17489e+09	1	0
371	0	37	3.18821e+09	3.18825e+09	3.18855e+09	3.18857e+09	0	0
372	0	20	3.19411e+09	3.19415e+09	3.19445e+09	3.19459e+09	1	0
373	0	33	3.20042e+09	3.20046e+09	3.20076e+09	3.20099e+09	0	0
374	0	30	3.23786e+09	3.23791e+09	3.23821e+09	3.23833e+09	0	1
375	0	37	3.24454e+09	3.24458e+09	3.24488e+09	3.24504e+09	0	0
376	0	30	3.24901e+09	3.24906e+09	3.24936e+09	3.24947e+09	0	0
377	0	20	3.25203e+09	3.25207e+09	3.25237e+09	3.25252e+09	0	1
378	1	20	3.26038e+09	3.26041e+09	3.26071e+09	3.26093e+09	0	1
379	1	20	3.26349e+09	3.26353e+09	3.26383e+09	3.26394e+09	1	0
380	0	30	3.27357e+09	3.27362e+09	3.27392e+09	3.2742e+09	1	0
381	0	20	3.28449e+09	3.28454e+09	3.28484e+09	3.285e+09	1	0
382	0	23	3.29022e+09	3.29026e+09	3.29056e+09	3.29057e+09	0	1
383	0	20	3.29482e+09	3.29486e+09	3.29516e+09	3.29532e+09	1	0
384	0	27	3.3145e+09	3.31454e+09	3.31484e+09	3.31489e+09	1	0
385	0	23	3.3197e+09	3.31973e+09	3.32003e+09	3.32162e+09	1	0
386	0	20	3.32825e+09	3.32828e+09	3.32858e+09	3.32882e+09	1	0
387	0	30	3.33584e+09	3.33588e+09	3.33618e+09	3.33637e+09	0	0
388	0	30	3.34628e+09	3.34632e+09	3.34662e+09	3.34762e+09	0	0
389	0	40	3.35018e+09	3.35022e+09	3.35061e+09	3.35091e+09	1	1
390	0	23	3.35352e+09	3.35355e+09	3.35385e+09	3.35396e+09	0	1
391	0	37	3.36564e+09	3.36567e+09	3.36598e+09	3.36823e+09	0	0
392	0	20	3.37079e+09	3.37084e+09	3.37114e+09	3.37117e+09	0	1
393	1	20	3.3815e+09	3.38154e+09	3.38184e+09	3.38209e+09	1	0
394	0	23	3.38769e+09	3.38773e+09	3.38803e+09	3.38806e+09	0	1
395	0	40	3.39206e+09	3.3921e+09	3.3924e+09	3.39545e+09	0	0
396	1	40	3.40548e+09	3.40552e+09	3.40582e+09	3.40609e+09	0	0
397	1	40	3.40942e+09	3.40945e+09	3.40975e+09	3.40984e+09	0	0
398	1	40	3.4124e+09	3.41243e+09	3.41273e+09	3.41301e+09	1	1
399	0	33	3.4156e+09	3.41565e+09	3.41595e+09	3.41606e+09	1	1
400	0	20	3.42391e+09	3.42394e+09	3.42424e+09	3.42539e+09	1	0
401	0	33	3.43607e+09	3.43611e+09	3.43641e+09	3.43651e+09	0	0
402	0	20	3.44731e+09	3.44736e+09	3.44766e+09	3.44776e+09	1	0
403	0	37	3.46166e+09	3.46171e+09	3.46201e+09	3.46209e+09	1	1
404	0	33	3.47404e+09	3.47408e+09	3.47438e+09	3.47469e+09	0	0
405	0	40	3.48433e+09	3.48438e+09	3.48468e+09	3.48504e+09	1	1
406	0	40	3.49578e+09	3.49582e+09	3.49612e+09	3.49629e+09	1	1
407	0	30	3.50032e+09	3.50037e+09	3.50067e+09	3.5007e+09	0	1
408	0	27	3.50807e+09	3.50811e+09	3.50841e+09	3.50843e+09	0	1
409	0	33	3.51358e+09	3.51362e+09	3.51392e+09	3.51402e+09	1	1
410	0	20	3.53402e+09	3.53406e+09	3.53436e+09	3.53439e+09	1	0
411	0	27	3.53698e+09	3.53703e+09	3.53733e+09	3.53735e+09	0	1
412	0	20	3.54849e+09	3.54853e+09	3.54883e+09	3.54886e+09	0	1
413	1	20	3.55827e+09	3.55831e+09	3.55861e+09	3.55864e+09	0	1
414	1	20	3.56195e+09	3.562e+09	3.5623e+09	3.56251e+09	0	1
415	1	20	3.56978e+09	3.56983e+09	3.57013e+09	3.57014e+09	0	1
416	0	30	3.57476e+09	3.5748e+09	3.5751e+09	3.57909e+09	1	0
417	0	23	3.6031e+09	3.60314e+09	3.60344e+09	3.60355e+09	0	1
418	0	40	3.60611e+09	3.60615e+09	3.60645e+09	3.60651e+09	0	0
419	1	40	3.6222e+09	3.62225e+09	3.62255e+09	3.62261e+09	0	0
420	1	40	3.62902e+09	3.62906e+09	3.62936e+09	3.62943e+09	0	0
421	1	40	3.63199e+09	3.63202e+09	3.63232e+09	3.63242e+09	0	0
422	0	23	3.63978e+09	3.63982e+09	3.64012e+09	3.64037e+09	0	1
423	0	30	3.64482e+09	3.64486e+09	3.64516e+09	3.64892e+09	0	0
424	0	33	3.65238e+09	3.65242e+09	3.65272e+09	3.65274e+09	0	0
425	0	40	3.65587e+09	3.65591e+09	3.65621e+09	3.65624e+09	0	0
426	1	40	3.65879e+09	3.65883e+09	3.65913e+09	3.65919e+09	0	0
427	1	40	3.66218e+09	3.66222e+09	3.66252e+09	3.66258e+09	0	0
428	1	40	3.66514e+09	3.66517e+09	3.66547e+09	3.66553e+09	0	0
429	0	37	3.66808e+09	3.66812e+09	3.66842e+09	3.66859e+09	0	0
430	0	27	3.67114e+09	3.67117e+09	3.67147e+09	3.67158e+09	1	0
431	0	20	3.67417e+09	3.67421e+09	3.67451e+09	3.67452e+09	1	0
432	0	20	3.68234e+09	3.68238e+09	3.68268e+09	3.6827e+09	1	0
433	0	20	3.6853e+09	3.68534e+09	3.68565e+09	3.68606e+09	1	0
434	0	30	3.69433e+09	3.69438e+09	3.69468e+09	3.69471e+09	0	1
435	0	27	3.70171e+09	3.70175e+09	3.70205e+09	3.70406e+09	1	0
436	0	20	3.72019e+09	3.72024e+09	3.72054e+09	3.72446e+09	1	0
437	0	40	3.73867e+09	3.73871e+09	3.73901e+09	3.7401e+09	0	0
438	1	40	3.74968e+09	3.74972e+09	3.75002e+09	3.75015e+09	1	1
439	0	33	3.75633e+09	3.75637e+09	3.75667e+09	3.75683e+09	1	1
440	0	40	3.76618e+09	3.76623e+09	3.76653e+09	3.76663e+09	1	1
441	0	23	3.76972e+09	3.76976e+09	3.77006e+09	3.77034e+09	1	0
442	0	30	3.77683e+09	3.77687e+09	3.77717e+09	3.77718e+09	0	1
443	0	27	3.78516e+09	3.7852e+09	3.7855e+09	3.78556e+09	1	0
444	0	40	3.79511e+09	3.79514e+09	3.79544e+09	3.79567e+09	0	0
445	1	40	3.80206e+09	3.8021e+09	3.80241e+09	3.80243e+09	1	1
446	0	30	3.81016e+09	3.8102e+09	3.8105e+09	3.81051e+09	0	1
447	0	37	3.81555e+09	3.8156e+09	3.8159e+09	3.81599e+09	0	0
448	0	27	3.81854e+09	3.81859e+09	3.81889e+09	3.81899e+09	0	1
449	0	40	3.82425e+09	3.8243e+09	3.8246e+09	3.82469e+09	0	0
450	1	40	3.82971e+09	3.82976e+09	3.83006e+09	3.83011e+09	0	0
451	1	40	3.83368e+09	3.83372e+09	3.83402e+09	3.83814e+09	0	0
452	1	40	3.84699e+09	3.84702e+09	3.84732e+09	3.84751e+09	1	1
453	0	40	3.85631e+09	3.85636e+09	3.85666e+09	3.8568e+09	1	1
454	0	30	3.8594e+09	3.85944e+09	3.85974e+09	3.85975e+09	0	1
455	0	20	3.86231e+09	3.86234e+09	3.86264e+09	3.86275e+09	1	0
456	0	20	3.86534e+09	3.86538e+09	3.86568e+09	3.86569e+09	0	1
457	1	20	3.88116e+09	3.8812e+09	3.8815e+09	3.88168e+09	0	1
458	1	20	3.88425e+09	3.88428e+09	3.88458e+09	3.88463e+09	0	1
459	1	20	3.88719e+09	3.88723e+09	3.88753e+09	3.88758e+09	0	1
460	0	27	3.89101e+09	3.89105e+09	3.89135e+09	3.89354e+09	1	0
461	0	27	3.89613e+09	3.89618e+09	3.89648e+09	3.8965e+09	0	1
462	0	27	3.90253e+09	3.90256e+09	3.90286e+09	3.90305e+09	1	0
463	0	30	3.91187e+09	3.91191e+09	3.91221e+09	3.91246e+09	1	0
464	0	40	3.91505e+09	3.9151e+09	3.9154e+09	3.91543e+09	1	1
465	0	40	3.9214e+09	3.92143e+09	3.92173e+09	3.92203e+09	0	0
466	1	40	3.92686e+09	3.9269e+09	3.9272e+09	3.92729e+09	1	1
467	0	30	3.93347e+09	3.93351e+09	3.93381e+09	3.93603e+09	0	0
468	0	33	3.93958e+09	3.93963e+09	3.93993e+09	3.93998e+09	0	0
469	0	40	3.94957e+09	3.94961e+09	3.94991e+09	3.95015e+09	0	0
470	1	40	3.95654e+09	3.95658e+09	3.95688e+09	3.95703e+09	1	1
471	0	37	3.95962e+09	3.95965e+09	3.95995e+09	3.95996e+09	1	1
472	0	40	3.98143e+09	3.98148e+09	3.98178e+09	3.98181e+09	1	1
473	0	37	4.00225e+09	4.0023e+09	4.0026e+09	4.00266e+09	0	0
474	0	37	4.02189e+09	4.02193e+09	4.02223e+09	4.02229e+09	0	0
475	0	30	4.03133e+09	4.03137e+09	4.03167e+09	4.03168e+09	0	1
476	0	27	4.03424e+09	4.03427e+09	4.03457e+09	4.03459e+09	1	0
477	0	27	4.03718e+09	4.03721e+09	4.03751e+09	4.03753e+09	0	1
478	0	37	4.04149e+09	4.04153e+09	4.04183e+09	4.04395e+09	0	0
479	0	20	4.0488e+09	4.04885e+09	4.04915e+09	4.05324e+09	1	0
480	0	27	4.05687e+09	4.05691e+09	4.05721e+09	4.05722e+09	0	1
481	0	30	4.06035e+09	4.06038e+09	4.06075e+09	4.06086e+09	0	1
482	0	20	4.0695e+09	4.06954e+09	4.06984e+09	4.06986e+09	0	1
483	1	20	4.07314e+09	4.07319e+09	4.07349e+09	4.07351e+09	0	1
484	1	20	4.07606e+09	4.0761e+09	4.0764e+09	4.07714e+09	1	0
485	0	23	4.07974e+09	4.07977e+09	4.08007e+09	4.08084e+09	1	0
486	0	20	4.08661e+09	4.08666e+09	4.08696e+09	4.08979e+09	1	0
487	0	40	4.1052e+09	4.10525e+09	4.10555e+09	4.10602e+09	0	0
488	1	40	4.11199e+09	4.11204e+09	4.11234e+09	4.11242e+09	1	1
489	0	37	4.11977e+09	4.11981e+09	4.12011e+09	4.1202e+09	1	1
490	0	30	4.12577e+09	4.12581e+09	4.12611e+09	4.12616e+09	1	1
491	0	20	4.14254e+09	4.14259e+09	4.14289e+09	4.14299e+09	0	1
492	1	20	4.14638e+09	4.14642e+09	4.14672e+09	4.14683e+09	0	1
493	1	20	4.15254e+09	4.15258e+09	4.15288e+09	4.1529e+09	0	1
494	1	20	4.16036e+09	4.16041e+09	4.16071e+09	4.16075e+09	0	1
495	0	40	4.16679e+09	4.16684e+09	4.16714e+09	4.16722e+09	1	1
496	0	40	4.18392e+09	4.18396e+09	4.18426e+09	4.18433e+09	1	1
497	0	40	4.18773e+09	4.18777e+09	4.18807e+09	4.18808e+09	1	1
498	0	37	4.19865e+09	4.1987e+09	4.199e+09	4.19902e+09	1	1
499	0	40	4.21455e+09	4.21459e+09	4.21489e+09	4.21491e+09	1	1
500	0	20	4.22268e+09	4.22272e+09	4.22302e+09	4.22303e+09	0	1
501	1	20	4.22844e+09	4.22847e+09	4.22877e+09	4.22887e+09	0	1
502	1	20	4.23218e+09	4.23222e+09	4.23252e+09	4.23278e+09	0	1
503	1	20	4.23736e+09	4.2374e+09	4.2377e+09	4.23793e+09	0	1
504	0	23	4.2435e+09	4.24354e+09	4.24384e+09	4.24386e+09	1	0
505	0	27	4.25227e+09	4.25231e+09	4.25261e+09	4.25263e+09	1	0
506	0	27	4.26135e+09	4.26139e+09	4.26169e+09	4.26181e+09	1	0
507	0	30	4.2644e+09	4.26445e+09	4.26475e+09	4.26503e+09	1	0
508	0	40	4.27101e+09	4.27105e+09	4.27135e+09	4.27145e+09	1	1
509	0	20	4.27403e+09	4.27408e+09	4.27438e+09	4.27476e+09	0	1
510	1	20	4.27747e+09	4.2775e+09	4.2778e+09	4.27787e+09	0	1
511	1	20	4.28321e+09	4.28324e+09	4.28354e+09	4.28356e+09	0	1
512	1	20	4.28755e+09	4.28758e+09	4.28788e+09	4.28792e+09	1	0
513	0	20	4.29051e+09	4.29056e+09	4.29086e+09	4.29318e+09	1	0
514	0	33	3.24097e+06	3.28005e+06	3.58029e+06	3.62417e+06	0	0
515	0	40	7.40558e+06	7.44877e+06	7.74901e+06	7.85944e+06	1	1
516	0	20	1.04438e+07	1.04912e+07	1.07915e+07	1.09614e+07	1	0
517	0	37	1.35475e+07	1.35951e+07	1.38953e+07	1.39044e+07	1	1
518	0	30	2.59287e+07	2.59678e+07	2.6268e+07	2.63927e+07	0	1
519	0	30	3.09985e+07	3.10466e+07	3.13468e+07	3.14175e+07	0	1
520	0	40	3.39763e+07	3.4025e+07	3.43252e+07	3.43435e+07	0	0
521	1	40	4.26762e+07	4.2712e+07	4.30123e+07	4.31855e+07	1	1
522	0	30	5.17427e+07	5.17767e+07	5.2077e+07	5.24615e+07	0	1
523	0	20	5.66897e+07	5.67207e+07	5.7021e+07	5.70516e+07	0	1
524	1	20	5.95999e+07	5.96338e+07	5.9934e+07	5.99558e+07	1	0
525	0	40	6.25459e+07	6.25775e+07	6.28777e+07	6.38271e+07	0	0
526	1	40	6.8137e+07	6.81807e+07	6.8481e+07	6.85422e+07	1	1
527	0	20	8.4136e+07	8.41737e+07	8.44739e+07	8.5927e+07	1	0
528	0	20	8.85289e+07	8.85639e+07	8.88642e+07	9.08761e+07	1	0
529	0	37	1.02026e+08	1.02076e+08	1.02376e+08	1.02393e+08	1	1
530	0	30	1.07878e+08	1.07926e+08	1.08227e+08	1.0824e+08	1	1
531	0	33	1.17684e+08	1.17721e+08	1.18021e+08	1.18076e+08	0	0
532	0	33	1.2396e+08	1.23995e+08	1.24296e+08	1.24385e+08	0	0
533	0	27	1.27161e+08	1.27207e+08	1.27508e+08	1.27612e+08	1	0
534	0	20	1.34852e+08	1.34893e+08	1.35194e+08	1.35282e+08	1	0
535	0	20	1.37869e+08	1.37901e+08	1.38202e+08	1.38223e+08	0	1
536	1	20	1.47514e+08	1.47554e+08	1.47855e+08	1.47926e+08	0	1
537	1	20	1.5419e+08	1.54236e+08	1.54536e+08	1.54641e+08	0	1
538	1	20	1.59362e+08	1.59399e+08	1.59699e+08	1.59819e+08	0	1
539	0	20	1.62381e+08	1.62419e+08	1.62719e+08	1.62742e+08	1	0
540	0	30	1.69083e+08	1.69123e+08	1.69423e+08	1.69458e+08	0	1
541	0	20	1.72911e+08	1.72946e+08	1.73246e+08	1.73379e+08	1	0
542	0	40	1.77393e+08	1.77432e+08	1.77732e+08	1.77975e+08	1	1
543	0	40	1.80564e+08	1.80596e+08	1.80896e+08	1.80916e+08	1	1
544	0	20	1.88959e+08	1.89004e+08	1.89304e+08	1.89478e+08	1	0
545	0	40	1.92066e+08	1.92107e+08	1.92407e+08	1.92838e+08	0	0
546	1	40	2.03736e+08	2.03781e+08	2.04082e+08	2.04097e+08	1	1
547	0	40	2.14431e+08	2.14478e+08	2.14778e+08	2.14869e+08	1	1
548	0	33	2.22813e+08	2.22853e+08	2.23153e+08	2.23188e+08	1	1
549	0	30	2.30075e+08	2.30111e+08	2.30411e+08	2.30502e+08	0	1
550	0	37	2.35506e+08	2.35551e+08	2.35851e+08	2.35951e+08	1	1
551	0	20	2.42466e+08	2.42509e+08	2.42809e+08	2.46234e+08	1	0
552	0	20	2.5573e+08	2.55772e+08	2.56072e+08	2.56121e+08	0	1
553	1	20	2.58749e+08	2.58793e+08	2.59093e+08	2.59198e+08	0	1
554	1	20	2.61755e+08	2.6179e+08	2.6209e+08	2.62142e+08	1	0
555	0	33	2.68775e+08	2.68819e+08	2.6912e+08	2.69129e+08	0	0
556	0	37	2.71691e+08	2.71726e+08	2.72026e+08	2.7227e+08	1	1
557	0	20	2.81319e+08	2.81354e+08	2.81654e+08	2.81714e+08	0	1
558	1	20	2.84276e+08	2.84308e+08	2.84608e+08	2.84651e+08	0	1
559	1	20	2.90138e+08	2.90186e+08	2.90486e+08	2.90747e+08	0	1
560	1	20	2.93299e+08	2.93334e+08	2.93634e+08	2.9376e+08	0	1
561	0	40	2.96712e+08	2.96753e+08	2.97053e+08	2.97137e+08	0	0
562	0	20	2.99695e+08	2.9973e+08	3.0003e+08	3.00113e+08	1	0