
001	0	10	4.11233e+08	4.11285e+08	4.11586e+08	4.11668e+08	1	0
002	0	50	4.19896e+08	4.1994e+08	4.2024e+08	4.20392e+08	0	0
003	1	50	4.26618e+08	4.26651e+08	4.26951e+08	4.2714e+08	0	0
004	1	50	4.41672e+08	4.41712e+08	4.42012e+08	4.42044e+08	1	1
005	0	50	4.60346e+08	4.60379e+08	4.6068e+08	4.60732e+08	0	0
006	1	50	4.71451e+08	4.71495e+08	4.71795e+08	4.72082e+08	0	0
007	1	50	4.81588e+08	4.81623e+08	4.81924e+08	4.8195e+08	0	0
008	1	50	4.88739e+08	4.88785e+08	4.89085e+08	4.89093e+08	0	0
009	0	50	4.95428e+08	4.95473e+08	4.95774e+08	4.95785e+08	0	0
010	0	50	5.0336e+08	5.034e+08	5.037e+08	5.03767e+08	0	0
011	0	50	5.09692e+08	5.09725e+08	5.10025e+08	5.10071e+08	0	0
012	0	10	5.31898e+08	5.31942e+08	5.32242e+08	5.32714e+08	0	1
013	0	50	5.39551e+08	5.39596e+08	5.39896e+08	5.40027e+08	0	0
014	0	10	5.52296e+08	5.52329e+08	5.52629e+08	5.52972e+08	0	1
015	0	10	5.72267e+08	5.72305e+08	5.72606e+08	5.73332e+08	1	0
016	0	10	5.82708e+08	5.8275e+08	5.8305e+08	5.83398e+08	1	0
017	0	10	5.90011e+08	5.90061e+08	5.90361e+08	5.9093e+08	1	0
018	0	50	6.05728e+08	6.05767e+08	6.06067e+08	6.06428e+08	1	1
019	0	50	6.45282e+08	6.4533e+08	6.4563e+08	6.45662e+08	1	1
020	0	50	6.48655e+08	6.48697e+08	6.48997e+08	6.49149e+08	0	0
021	1	50	6.55736e+08	6.55772e+08	6.56072e+08	6.58474e+08	1	1
022	0	10	6.63746e+08	6.63788e+08	6.64088e+08	6.6426e+08	0	1
023	1	10	6.77133e+08	6.77169e+08	6.7747e+08	6.80305e+08	1	0
024	0	10	6.84785e+08	6.84833e+08	6.85133e+08	6.85189e+08	1	0
025	0	10	6.91034e+08	6.91067e+08	6.91368e+08	6.91666e+08	1	0
026	0	10	6.93388e+08	6.93421e+08	6.93721e+08	6.93726e+08	1	0
027	0	50	7.00473e+08	7.0052e+08	7.00821e+08	7.01042e+08	0	0
028	1	50	7.0556e+08	7.05598e+08	7.05898e+08	7.05927e+08	0	0
029	1	50	7.14582e+08	7.14625e+08	7.14925e+08	7.14957e+08	0	0
030	1	50	7.21094e+08	7.21126e+08	7.21427e+08	7.21569e+08	1	1
031	0	50	7.27853e+08	7.27887e+08	7.28187e+08	7.28469e+08	0	0
032	1	50	7.341e+08	7.34144e+08	7.34444e+08	7.34553e+08	0	0
033	1	50	7.39895e+08	7.39935e+08	7.40235e+08	7.40321e+08	1	1
034	0	50	7.50329e+08	7.5037e+08	7.50671e+08	7.50768e+08	0	0
035	1	50	7.56934e+08	7.56968e+08	7.57268e+08	7.5729e+08	0	0
036	1	50	7.62485e+08	7.62519e+08	7.62819e+08	7.66364e+08	0	0
037	1	50	7.75511e+08	7.75543e+08	7.75843e+08	7.75906e+08	0	0
038	0	50	7.81042e+08	7.81082e+08	7.81382e+08	7.81466e+08	0	0
039	0	10	7.8708e+08	7.87123e+08	7.87423e+08	7.87515e+08	1	0
040	0	10	7.89365e+08	7.89403e+08	7.89704e+08	7.89858e+08	1	0
041	0	10	8.03155e+08	8.03193e+08	8.03494e+08	8.03728e+08	1	0
042	0	10	8.12334e+08	8.1237e+08	8.1267e+08	8.12794e+08	0	1
043	1	10	8.17845e+08	8.17893e+08	8.18194e+08	8.18486e+08	1	0
044	0	50	8.29544e+08	8.29577e+08	8.29878e+08	8.29939e+08	1	1
045	0	50	8.33078e+08	8.33112e+08	8.33413e+08	8.33418e+08	1	1
046	0	50	8.43505e+08	8.43551e+08	8.43852e+08	8.43979e+08	0	0
047	1	50	8.49304e+08	8.49339e+08	8.49639e+08	8.49705e+08	1	1
048	0	50	8.53466e+08	8.53514e+08	8.53815e+08	8.5398e+08	0	0
049	1	50	8.6054e+08	8.60577e+08	8.60878e+08	8.60881e+08	1	1
050	0	50	8.70283e+08	8.70333e+08	8.70634e+08	8.70646e+08	0	0
051	1	50	8.75361e+08	8.754e+08	8.757e+08	8.75708e+08	1	1
052	0	10	8.79827e+08	8.7986e+08	8.8016e+08	8.80248e+08	0	1
053	1	10	8.93962e+08	8.93997e+08	8.94297e+08	8.94421e+08	0	1
054	1	10	8.99865e+08	8.99913e+08	9.00214e+08	9.00434e+08	1	0
055	0	10	9.05859e+08	9.05896e+08	9.06196e+08	9.06356e+08	0	1
056	1	10	9.13472e+08	9.13508e+08	9.13809e+08	9.1391e+08	1	0
057	0	10	9.17793e+08	9.17825e+08	9.18126e+08	9.18134e+08	1	0
058	0	10	9.19827e+08	9.19863e+08	9.20163e+08	9.20244e+08	0	1
059	1	10	9.27488e+08	9.27526e+08	9.27827e+08	9.27922e+08	1	0
060	0	10	9.32212e+08	9.32249e+08	9.32549e+08	9.32604e+08	0	1
061	1	10	9.38792e+08	9.38833e+08	9.39133e+08	9.39145e+08	1	0
062	0	50	9.44634e+08	9.44675e+08	9.44975e+08	9.4498e+08	0	0
063	1	50	9.52107e+08	9.52144e+08	9.52444e+08	9.52448e+08	0	0
064	1	50	9.58354e+08	9.58402e+08	9.58703e+08	9.58749e+08	1	1
065	0	50	9.60559e+08	9.60599e+08	9.60899e+08	9.61018e+08	0	0
066	1	50	9.65534e+08	9.65572e+08	9.65872e+08	9.65877e+08	0	0
067	1	50	9.70573e+08	9.70616e+08	9.70916e+08	9.71025e+08	0	0
068	1	50	9.75808e+08	9.75844e+08	9.76145e+08	9.76157e+08	0	0
069	0	10	9.81212e+08	9.81256e+08	9.81556e+08	9.81629e+08	0	1
070	0	10	9.86512e+08	9.86545e+08	9.86845e+08	9.8687e+08	1	0
071	0	50	9.90236e+08	9.90282e+08	9.90582e+08	9.9064e+08	1	1
072	0	10	9.99101e+08	9.99145e+08	9.99445e+08	9.99511e+08	1	0
073	0	50	1.00567e+09	1.00571e+09	1.00601e+09	1.00602e+09	0	0
074	1	50	1.01226e+09	1.0123e+09	1.0126e+09	1.01297e+09	0	0
075	1	50	1.01748e+09	1.01752e+09	1.01782e+09	1.01789e+09	0	0
076	1	50	1.02263e+09	1.02267e+09	1.02297e+09	1.02314e+09	0	0
077	0	10	1.02787e+09	1.0279e+09	1.0282e+09	1.02824e+09	1	0
078	0	50	1.0301e+09	1.03013e+09	1.03043e+09	1.03053e+09	0	0
079	1	50	1.04125e+09	1.04129e+09	1.04159e+09	1.04162e+09	1	1
080	0	10	1.04348e+09	1.04351e+09	1.04381e+09	1.04383e+09	1	0
081	0	10	1.04816e+09	1.0482e+09	1.0485e+09	1.04854e+09	1	0
082	0	50	1.05504e+09	1.05508e+09	1.05539e+09	1.05539e+09	1	1
083	0	10	1.06859e+09	1.06862e+09	1.06892e+09	1.06899e+09	1	0
084	0	50	1.07828e+09	1.07832e+09	1.07862e+09	1.07864e+09	0	0
085	1	50	1.08431e+09	1.08435e+09	1.08465e+09	1.08466e+09	1	1
086	0	50	1.09165e+09	1.09168e+09	1.09198e+09	1.09202e+09	0	0
087	1	50	1.09781e+09	1.09786e+09	1.09816e+09	1.09835e+09	0	0
088	1	50	1.1033e+09	1.10335e+09	1.10365e+09	1.10375e+09	0	0
089	1	50	1.10956e+09	1.10959e+09	1.10989e+09	1.11037e+09	0	0
090	0	10	1.11656e+09	1.11661e+09	1.11691e+09	1.11697e+09	1	0
091	0	50	1.12605e+09	1.12609e+09	1.12639e+09	1.1264e+09	1	1
092	0	10	1.1344e+09	1.13444e+09	1.13474e+09	1.13475e+09	1	0
093	0	50	1.1454e+09	1.14544e+09	1.14574e+09	1.14581e+09	0	0
094	1	50	1.15515e+09	1.15519e+09	1.15549e+09	1.15551e+09	0	0
095	1	50	1.1608e+09	1.16084e+09	1.16114e+09	1.16115e+09	0	0
096	1	50	1.16591e+09	1.16594e+09	1.16624e+09	1.16628e+09	1	1
097	0	50	1.17717e+09	1.17722e+09	1.17752e+09	1.17753e+09	1	1
098	0	50	1.17936e+09	1.1794e+09	1.1797e+09	1.17973e+09	0	0
099	1	50	1.18538e+09	1.18542e+09	1.18572e+09	1.18577e+09	0	0
100	1	50	1.19206e+09	1.1921e+09	1.1924e+09	1.19253e+09	0	0
101	1	50	1.19754e+09	1.19757e+09	1.19787e+09	1.19794e+09	0	0
102	0	10	1.20343e+09	1.20347e+09	1.20377e+09	1.20379e+09	1	0
103	0	50	1.20538e+09	1.20542e+09	1.20572e+09	1.20585e+09	0	0
104	1	50	1.21487e+09	1.21492e+09	1.21522e+09	1.21546e+09	0	0
105	1	50	1.22038e+09	1.22042e+09	1.22072e+09	1.22078e+09	0	0
106	1	50	1.22651e+09	1.22656e+09	1.22686e+09	1.22694e+09	1	1
107	0	10	1.23581e+09	1.23585e+09	1.23615e+09	1.23617e+09	0	1
108	1	10	1.24314e+09	1.24318e+09	1.24348e+09	1.24349e+09	1	0
109	0	10	1.24852e+09	1.24857e+09	1.24887e+09	1.24892e+09	1	0
110	0	10	1.25941e+09	1.25946e+09	1.25976e+09	1.25982e+09	1	0
111	0	10	1.2676e+09	1.26764e+09	1.26794e+09	1.268e+09	1	0
112	0	10	1.27429e+09	1.27434e+09	1.27464e+09	1.2747e+09	0	1
113	1	10	1.28478e+09	1.28482e+09	1.28512e+09	1.28521e+09	1	0
114	0	50	1.28685e+09	1.28689e+09	1.28719e+09	1.2872e+09	1	1
115	0	10	1.30057e+09	1.30061e+09	1.30091e+09	1.30109e+09	1	0
116	0	10	1.30965e+09	1.3097e+09	1.31e+09	1.31042e+09	1	0
117	0	10	1.31228e+09	1.31231e+09	1.31261e+09	1.31262e+09	1	0
118	0	10	1.32278e+09	1.32282e+09	1.32312e+09	1.32318e+09	1	0
119	0	50	1.33033e+09	1.33036e+09	1.33066e+09	1.33082e+09	0	0
120	1	50	1.34001e+09	1.34006e+09	1.34036e+09	1.34239e+09	1	1
121	0	10	1.34559e+09	1.34562e+09	1.34592e+09	1.34604e+09	1	0
122	0	50	1.35935e+09	1.35939e+09	1.35969e+09	1.36009e+09	0	0
123	1	50	1.37095e+09	1.37099e+09	1.37129e+09	1.37133e+09	0	0
124	1	50	1.3831e+09	1.38313e+09	1.38343e+09	1.38349e+09	0	0
125	1	50	1.39045e+09	1.39049e+09	1.39079e+09	1.39088e+09	0	0
126	0	10	1.39674e+09	1.39677e+09	1.39707e+09	1.3971e+09	1	0
127	0	50	1.41452e+09	1.41456e+09	1.41486e+09	1.41491e+09	0	0
128	1	50	1.42359e+09	1.42363e+09	1.42393e+09	1.424e+09	0	0
129	1	50	1.42918e+09	1.42922e+09	1.42952e+09	1.42967e+09	0	0
130	1	50	1.43522e+09	1.43526e+09	1.43556e+09	1.4356e+09	0	0
131	0	50	1.44069e+09	1.44074e+09	1.44104e+09	1.44104e+09	0	0
132	0	50	1.44557e+09	1.44561e+09	1.44591e+09	1.44619e+09	1	1
133	0	50	1.44981e+09	1.44986e+09	1.45016e+09	1.4502e+09	0	0
134	1	50	1.45614e+09	1.45618e+09	1.45648e+09	1.45653e+09	0	0
135	1	50	1.46107e+09	1.46111e+09	1.46141e+09	1.46154e+09	0	0
136	1	50	1.46607e+09	1.46612e+09	1.46642e+09	1.46654e+09	0	0
137	0	10	1.4726e+09	1.47264e+09	1.47294e+09	1.47299e+09	1	0
138	0	50	1.48225e+09	1.48229e+09	1.48259e+09	1.48276e+09	0	0
139	1	50	1.48746e+09	1.4875e+09	1.4878e+09	1.48783e+09	1	1
140	0	10	1.49371e+09	1.49376e+09	1.49406e+09	1.49467e+09	1	0
141	0	10	1.5024e+09	1.50243e+09	1.50273e+09	1.50274e+09	1	0
142	0	10	1.51035e+09	1.5104e+09	1.5107e+09	1.51076e+09	0	1
143	1	10	1.51558e+09	1.51562e+09	1.51592e+09	1.51595e+09	0	1
144	1	10	1.52249e+09	1.52254e+09	1.52284e+09	1.52285e+09	0	1
145	1	10	1.52833e+09	1.52837e+09	1.52867e+09	1.52953e+09	1	0
146	0	50	1.53951e+09	1.53955e+09	1.53985e+09	1.54e+09	1	1
147	0	10	1.55137e+09	1.55141e+09	1.55171e+09	1.55184e+09	1	0
148	0	10	1.5585e+09	1.55854e+09	1.55884e+09	1.55885e+09	0	1
149	1	10	1.56424e+09	1.56429e+09	1.56459e+09	1.56474e+09	0	1
150	1	10	1.56925e+09	1.56929e+09	1.56959e+09	1.56965e+09	0	1
151	1	10	1.57476e+09	1.57481e+09	1.57511e+09	1.57517e+09	1	0
152	0	50	1.57716e+09	1.57719e+09	1.5775e+09	1.5776e+09	0	0
153	1	50	1.58534e+09	1.58538e+09	1.58568e+09	1.58576e+09	0	0
154	1	50	1.59065e+09	1.59069e+09	1.59099e+09	1.59113e+09	0	0
155	1	50	1.59877e+09	1.59882e+09	1.59912e+09	1.59932e+09	0	0
156	0	50	1.60383e+09	1.60387e+09	1.60417e+09	1.60419e+09	1	1
157	0	10	1.60797e+09	1.608e+09	1.6083e+09	1.60864e+09	0	1
158	1	10	1.61596e+09	1.616e+09	1.6163e+09	1.61634e+09	1	0
159	0	50	1.62005e+09	1.62009e+09	1.62039e+09	1.62042e+09	0	0
160	1	50	1.62518e+09	1.62522e+09	1.62552e+09	1.62563e+09	0	0
161	1	50	1.63015e+09	1.63019e+09	1.63049e+09	1.63053e+09	0	0
162	1	50	1.63646e+09	1.6365e+09	1.6368e+09	1.63714e+09	0	0
163	0	10	1.64333e+09	1.64336e+09	1.64366e+09	1.64373e+09	0	1
164	0	10	1.64825e+09	1.64829e+09	1.64859e+09	1.64863e+09	1	0
165	0	10	1.66125e+09	1.6613e+09	1.6616e+09	1.66161e+09	1	0
166	0	10	1.66756e+09	1.6676e+09	1.6679e+09	1.66867e+09	0	1
167	1	10	1.68362e+09	1.68366e+09	1.68396e+09	1.68403e+09	1	0
168	0	50	1.68563e+09	1.68567e+09	1.68597e+09	1.68599e+09	0	0
169	1	50	1.69105e+09	1.69109e+09	1.69139e+09	1.69152e+09	0	0
170	1	50	1.70051e+09	1.70054e+09	1.70084e+09	1.70101e+09	0	0
171	1	50	1.71229e+09	1.71233e+09	1.71263e+09	1.71266e+09	0	0
172	0	50	1.72174e+09	1.72178e+09	1.72208e+09	1.72209e+09	1	1
173	0	10	1.72771e+09	1.72776e+09	1.72806e+09	1.72807e+09	1	0
174	0	10	1.72986e+09	1.7299e+09	1.7302e+09	1.73021e+09	1	0
175	0	10	1.75524e+09	1.75529e+09	1.75559e+09	1.75559e+09	1	0
176	0	50	1.776e+09	1.77604e+09	1.77634e+09	1.77641e+09	0	0
177	1	50	1.78236e+09	1.7824e+09	1.7827e+09	1.78271e+09	0	0
178	1	50	1.78793e+09	1.78797e+09	1.78827e+09	1.78827e+09	0	0
179	1	50	1.79564e+09	1.79568e+09	1.79598e+09	1.79598e+09	0	0
180	0	50	1.80153e+09	1.80157e+09	1.80187e+09	1.80189e+09	0	0
181	0	10	1.81205e+09	1.81208e+09	1.81238e+09	1.81243e+09	1	0
182	0	10	1.82465e+09	1.82468e+09	1.82498e+09	1.8251e+09	1	0
183	0	50	1.85143e+09	1.85147e+09	1.85177e+09	1.85178e+09	0	0
184	1	50	1.85645e+09	1.85649e+09	1.85679e+09	1.85679e+09	0	0
185	1	50	1.86181e+09	1.86185e+09	1.86215e+09	1.8622e+09	0	0
186	1	50	1.86777e+09	1.86781e+09	1.86811e+09	1.86812e+09	1	1
187	0	50	1.88182e+09	1.88186e+09	1.88216e+09	1.88239e+09	0	0
188	1	50	1.88692e+09	1.88697e+09	1.88727e+09	1.8873e+09	0	0
189	1	50	1.89182e+09	1.89186e+09	1.89216e+09	1.89218e+09	0	0
190	1	50	1.89669e+09	1.89673e+09	1.89703e+09	1.89707e+09	0	0
191	0	10	1.9016e+09	1.90165e+09	1.90195e+09	1.90199e+09	1	0
192	0	10	1.90379e+09	1.90383e+09	1.90413e+09	1.90421e+09	1	0
193	0	50	1.9157e+09	1.91574e+09	1.91604e+09	1.91617e+09	1	1
194	0	10	1.92379e+09	1.92382e+09	1.92412e+09	1.9244e+09	1	0
195	0	10	1.92806e+09	1.9281e+09	1.9284e+09	1.92849e+09	0	1
196	1	10	1.93822e+09	1.93826e+09	1.93856e+09	1.93862e+09	1	0
197	0	50	1.94509e+09	1.94512e+09	1.94542e+09	1.94552e+09	1	1
198	0	10	1.96035e+09	1.96039e+09	1.96069e+09	1.96072e+09	1	0
199	0	10	1.97433e+09	1.97437e+09	1.97467e+09	1.97475e+09	1	0
200	0	10	1.9795e+09	1.97953e+09	1.97983e+09	1.97984e+09	1	0
201	0	50	1.99627e+09	1.9963e+09	1.9966e+09	1.99664e+09	0	0
202	1	50	2.00823e+09	2.00828e+09	2.00858e+09	2.00867e+09	0	0
203	1	50	2.01326e+09	2.0133e+09	2.0136e+09	2.01363e+09	0	0
204	1	50	2.02031e+09	2.02036e+09	2.02066e+09	2.02073e+09	0	0
205	0	50	2.0268e+09	2.02685e+09	2.02715e+09	2.02719e+09	0	0
206	0	50	2.03195e+09	2.03199e+09	2.03229e+09	2.03232e+09	0	0
207	0	10	2.04056e+09	2.0406e+09	2.0409e+09	2.04099e+09	1	0
208	0	50	2.05247e+09	2.05251e+09	2.05281e+09	2.05281e+09	0	0
209	1	50	2.06796e+09	2.068e+09	2.0683e+09	2.06834e+09	0	0
210	1	50	2.07287e+09	2.07291e+09	2.07322e+09	2.07322e+09	0	0
211	1	50	2.07878e+09	2.07882e+09	2.07912e+09	2.07914e+09	0	0
212	0	10	2.08481e+09	2.08485e+09	2.08515e+09	2.08532e+09	1	0
213	0	10	2.08861e+09	2.08865e+09	2.08895e+09	2.08896e+09	1	0
214	0	10	2.10467e+09	2.1047e+09	2.105e+09	2.10504e+09	1	0
215	0	10	2.1242e+09	2.12424e+09	2.12454e+09	2.12455e+09	1	0
216	0	10	2.1336e+09	2.13365e+09	2.13395e+09	2.13397e+09	0	1
217	1	10	2.1385e+09	2.13854e+09	2.13884e+09	2.13889e+09	1	0
218	0	50	2.1498e+09	2.14984e+09	2.15014e+09	2.15015e+09	0	0
219	1	50	2.15791e+09	2.15795e+09	2.15825e+09	2.15827e+09	0	0
220	1	50	2.16393e+09	2.16397e+09	2.16427e+09	2.1644e+09	0	0
221	1	50	2.17011e+09	2.17016e+09	2.17046e+09	2.17048e+09	1	1
222	0	10	2.17757e+09	2.17761e+09	2.17791e+09	2.17794e+09	1	0
223	0	50	2.17976e+09	2.17979e+09	2.18009e+09	2.18026e+09	0	0
224	1	50	2.18568e+09	2.18573e+09	2.18603e+09	2.18604e+09	1	1
225	0	50	2.18764e+09	2.18768e+09	2.18798e+09	2.18806e+09	0	0
226	1	50	2.19577e+09	2.19582e+09	2.19612e+09	2.19614e+09	0	0
227	1	50	2.20376e+09	2.20381e+09	2.20411e+09	2.20415e+09	1	1
228	0	50	2.21257e+09	2.21262e+09	2.21292e+09	2.21293e+09	0	0
229	1	50	2.21848e+09	2.21852e+09	2.21882e+09	2.21891e+09	1	1
230	0	10	2.22077e+09	2.22081e+09	2.22112e+09	2.22114e+09	1	0
231	0	50	2.23107e+09	2.2311e+09	2.2314e+09	2.23142e+09	0	0
232	1	50	2.2406e+09	2.24064e+09	2.24094e+09	2.24113e+09	1	1
233	0	10	2.25554e+09	2.25558e+09	2.25588e+09	2.25589e+09	0	1
234	1	10	2.26374e+09	2.26378e+09	2.26408e+09	2.26414e+09	1	0
235	0	50	2.26574e+09	2.26578e+09	2.26608e+09	2.26612e+09	0	0
236	1	50	2.27255e+09	2.2726e+09	2.2729e+09	2.27291e+09	0	0
237	1	50	2.2814e+09	2.28144e+09	2.28174e+09	2.28182e+09	0	0
238	1	50	2.2878e+09	2.28784e+09	2.28814e+09	2.28819e+09	0	0
239	0	50	2.29462e+09	2.29467e+09	2.29497e+09	2.295e+09	0	0
240	0	10	2.30036e+09	2.3004e+09	2.3007e+09	2.30077e+09	1	0
241	0	10	2.30251e+09	2.30254e+09	2.30284e+09	2.30288e+09	1	0
242	0	50	2.31526e+09	2.31529e+09	2.31559e+09	2.31563e+09	0	0
243	1	50	2.32134e+09	2.32138e+09	2.32168e+09	2.32178e+09	0	0
244	1	50	2.32734e+09	2.32738e+09	2.32768e+09	2.32773e+09	0	0
245	1	50	2.33227e+09	2.33231e+09	2.33261e+09	2.33268e+09	0	0
246	0	50	2.3391e+09	2.33915e+09	2.33945e+09	2.33953e+09	0	0
247	0	50	2.34405e+09	2.34409e+09	2.34439e+09	2.34439e+09	0	0
248	0	50	2.35082e+09	2.35086e+09	2.35116e+09	2.35118e+09	0	0
249	0	10	2.35571e+09	2.35576e+09	2.35606e+09	2.35611e+09	1	0
250	0	50	2.36209e+09	2.36212e+09	2.36242e+09	2.36247e+09	0	0
251	1	50	2.36711e+09	2.36715e+09	2.36745e+09	2.36754e+09	0	0
252	1	50	2.37356e+09	2.3736e+09	2.3739e+09	2.37396e+09	0	0
253	1	50	2.37978e+09	2.37982e+09	2.38012e+09	2.38015e+09	0	0
254	0	10	2.38535e+09	2.38539e+09	2.38569e+09	2.38576e+09	0	1
255	0	10	2.39697e+09	2.397e+09	2.3973e+09	2.39735e+09	0	1
256	0	10	2.40301e+09	2.40304e+09	2.40334e+09	2.40713e+09	0	1
257	0	10	2.41165e+09	2.41169e+09	2.41199e+09	2.41211e+09	1	0
258	0	50	2.41372e+09	2.41376e+09	2.41407e+09	2.41413e+09	1	1
259	0	50	2.42534e+09	2.42538e+09	2.42568e+09	2.42569e+09	0	0
260	1	50	2.43368e+09	2.43371e+09	2.43401e+09	2.43404e+09	1	1
261	0	10	2.44107e+09	2.44111e+09	2.44141e+09	2.44148e+09	0	1
262	1	10	2.44667e+09	2.44671e+09	2.44701e+09	2.4497e+09	0	1
263	1	10	2.45421e+09	2.45425e+09	2.45455e+09	2.45457e+09	1	0
264	0	10	2.45794e+09	2.45798e+09	2.45828e+09	2.45829e+09	0	1
265	1	10	2.47597e+09	2.476e+09	2.4763e+09	2.47636e+09	1	0
266	0	50	2.4841e+09	2.48415e+09	2.48445e+09	2.48452e+09	0	0
267	1	50	2.48922e+09	2.48925e+09	2.48955e+09	2.48964e+09	0	0
268	1	50	2.49798e+09	2.49802e+09	2.49832e+09	2.49833e+09	1	1
269	0	50	2.51506e+09	2.51509e+09	2.51539e+09	2.51544e+09	0	0
270	1	50	2.52116e+09	2.5212e+09	2.5215e+09	2.52155e+09	0	0
271	1	50	2.52701e+09	2.52705e+09	2.52735e+09	2.52736e+09	0	0
272	1	50	2.53331e+09	2.53336e+09	2.53366e+09	2.53371e+09	0	0
273	0	10	2.53823e+09	2.53827e+09	2.53857e+09	2.53863e+09	1	0
274	0	50	2.54791e+09	2.54795e+09	2.54825e+09	2.54837e+09	1	1
275	0	10	2.55555e+09	2.55559e+09	2.5559e+09	2.55591e+09	1	0
276	0	50	2.56679e+09	2.56683e+09	2.56713e+09	2.56715e+09	0	0
277	1	50	2.57179e+09	2.57183e+09	2.57213e+09	2.57221e+09	0	0
278	1	50	2.57782e+09	2.57786e+09	2.57816e+09	2.57819e+09	0	0
279	1	50	2.5889e+09	2.58894e+09	2.58924e+09	2.58929e+09	1	1
280	0	10	2.59626e+09	2.59631e+09	2.59661e+09	2.59663e+09	0	1
281	1	10	2.60136e+09	2.60141e+09	2.60171e+09	2.60172e+09	1	0
282	0	50	2.61144e+09	2.61148e+09	2.61178e+09	2.61185e+09	0	0
283	1	50	2.62037e+09	2.62041e+09	2.62071e+09	2.62072e+09	1	1
284	0	50	2.62236e+09	2.62239e+09	2.62269e+09	2.62281e+09	0	0
285	1	50	2.62857e+09	2.6286e+09	2.6289e+09	2.62897e+09	0	0
286	1	50	2.64135e+09	2.64139e+09	2.64169e+09	2.64409e+09	1	1
287	0	50	2.64983e+09	2.64987e+09	2.65017e+09	2.65025e+09	0	0
288	1	50	2.65901e+09	2.65905e+09	2.65935e+09	2.65935e+09	1	1
289	0	50	2.66129e+09	2.66133e+09	2.66163e+09	2.66164e+09	1	1
290	0	10	2.67234e+09	2.67238e+09	2.67268e+09	2.67276e+09	1	0
291	0	50	2.68369e+09	2.68372e+09	2.68402e+09	2.68403e+09	0	0
292	1	50	2.69241e+09	2.69246e+09	2.69276e+09	2.69283e+09	0	0
293	1	50	2.69864e+09	2.69869e+09	2.69899e+09	2.699e+09	0	0
294	1	50	2.70804e+09	2.70808e+09	2.70838e+09	2.70844e+09	0	0
295	0	50	2.71296e+09	2.713e+09	2.7133e+09	2.71335e+09	0	0
296	0	10	2.72225e+09	2.72229e+09	2.72259e+09	2.7226e+09	1	0
297	0	10	2.7287e+09	2.72874e+09	2.72904e+09	2.72909e+09	1	0
298	0	10	2.73545e+09	2.73549e+09	2.73579e+09	2.73583e+09	1	0
299	0	50	2.74663e+09	2.74666e+09	2.74696e+09	2.747e+09	0	0
300	1	50	2.75505e+09	2.75509e+09	2.75539e+09	2.75541e+09	1	1
301	0	50	2.76713e+09	2.76716e+09	2.76746e+09	2.76747e+09	0	0
302	1	50	2.77199e+09	2.77203e+09	2.77233e+09	2.77236e+09	0	0
303	1	50	2.77738e+09	2.77742e+09	2.77772e+09	2.77773e+09	1	1
304	0	50	2.78624e+09	2.78627e+09	2.78657e+09	2.78661e+09	0	0
305	1	50	2.79355e+09	2.79359e+09	2.79389e+09	2.79392e+09	0	0
306	1	50	2.79844e+09	2.79848e+09	2.79878e+09	2.79879e+09	0	0
307	1	50	2.80331e+09	2.80335e+09	2.80365e+09	2.80374e+09	0	0
308	0	50	2.80826e+09	2.8083e+09	2.8086e+09	2.8087e+09	0	0
309	0	50	2.81452e+09	2.81456e+09	2.81486e+09	2.81506e+09	0	0
310	0	50	2.81959e+09	2.81964e+09	2.81994e+09	2.82011e+09	1	1
311	0	50	2.82748e+09	2.82753e+09	2.82783e+09	2.82784e+09	0	0
312	1	50	2.83395e+09	2.834e+09	2.8343e+09	2.83434e+09	1	1
313	0	50	2.8431e+09	2.84313e+09	2.84343e+09	2.84349e+09	0	0
314	1	50	2.8512e+09	2.85124e+09	2.85154e+09	2.85164e+09	0	0
315	1	50	2.85919e+09	2.85922e+09	2.85952e+09	2.85958e+09	0	0
316	1	50	2.86604e+09	2.86609e+09	2.86639e+09	2.86641e+09	0	0
317	0	10	2.87171e+09	2.87175e+09	2.87205e+09	2.87208e+09	1	0
318	0	10	2.88034e+09	2.88038e+09	2.88068e+09	2.88069e+09	0	1
319	1	10	2.88614e+09	2.88618e+09	2.88648e+09	2.88653e+09	0	1
320	1	10	2.897e+09	2.89703e+09	2.89733e+09	2.89737e+09	1	0
321	0	50	2.90114e+09	2.90119e+09	2.90149e+09	2.9016e+09	0	0
322	1	50	2.90612e+09	2.90616e+09	2.90646e+09	2.90657e+09	0	0
323	1	50	2.91406e+09	2.9141e+09	2.9144e+09	2.91441e+09	0	0
324	1	50	2.91893e+09	2.91897e+09	2.91927e+09	2.91928e+09	0	0
325	0	10	2.92545e+09	2.9255e+09	2.9258e+09	2.92585e+09	1	0
326	0	50	2.93427e+09	2.93432e+09	2.93462e+09	2.93464e+09	0	0
327	1	50	2.94011e+09	2.94016e+09	2.94046e+09	2.9405e+09	0	0
328	1	50	2.94725e+09	2.94728e+09	2.94758e+09	2.94767e+09	1	1
329	0	50	2.94929e+09	2.94934e+09	2.94964e+09	2.94967e+09	0	0
330	1	50	2.95473e+09	2.95477e+09	2.95507e+09	2.95517e+09	1	1
331	0	50	2.95818e+09	2.95821e+09	2.95852e+09	2.95857e+09	0	0
332	1	50	2.96878e+09	2.96881e+09	2.96911e+09	2.96921e+09	1	1
333	0	50	2.97454e+09	2.97459e+09	2.97489e+09	2.9749e+09	0	0
334	1	50	2.97995e+09	2.97999e+09	2.98029e+09	2.98085e+09	1	1
335	0	10	2.98502e+09	2.98506e+09	2.98536e+09	2.98634e+09	0	1
336	1	10	2.99086e+09	2.9909e+09	2.9912e+09	2.99242e+09	0	1
337	1	10	2.99693e+09	2.99697e+09	2.99727e+09	2.99845e+09	1	0
338	0	10	3.00494e+09	3.00499e+09	3.00529e+09	3.00739e+09	1	0
339	0	10	3.01513e+09	3.01517e+09	3.01547e+09	3.01549e+09	0	1
340	1	10	3.02187e+09	3.02191e+09	3.02221e+09	3.02243e+09	1	0
341	0	10	3.02746e+09	3.02751e+09	3.02781e+09	3.02782e+09	1	0
342	0	10	3.03941e+09	3.03945e+09	3.03975e+09	3.03978e+09	1	0
343	0	10	3.0503e+09	3.05034e+09	3.05064e+09	3.05076e+09	0	1
344	1	10	3.05617e+09	3.05621e+09	3.05651e+09	3.05666e+09	1	0
345	0	10	3.06436e+09	3.06441e+09	3.06471e+09	3.06478e+09	1	0
346	0	10	3.06878e+09	3.06881e+09	3.06911e+09	3.06916e+09	1	0
347	0	50	3.08569e+09	3.08573e+09	3.08603e+09	3.08606e+09	0	0
348	1	50	3.09723e+09	3.09727e+09	3.09757e+09	3.09757e+09	0	0
349	1	50	3.10385e+09	3.10389e+09	3.10419e+09	3.10425e+09	0	0
350	1	50	3.11259e+09	3.11263e+09	3.11293e+09	3.11294e+09	0	0
351	0	10	3.1209e+09	3.12094e+09	3.12124e+09	3.12316e+09	0	1
352	0	50	3.13034e+09	3.13038e+09	3.13068e+09	3.13071e+09	1	1
353	0	10	3.13746e+09	3.1375e+09	3.1378e+09	3.13786e+09	1	0
354	0	50	3.14548e+09	3.14551e+09	3.14581e+09	3.14804e+09	0	0
355	1	50	3.15373e+09	3.15377e+09	3.15408e+09	3.15409e+09	0	0
356	1	50	3.15863e+09	3.15867e+09	3.15897e+09	3.15898e+09	0	0
357	1	50	3.16604e+09	3.16608e+09	3.16638e+09	3.16647e+09	0	0
358	0	10	3.17099e+09	3.17103e+09	3.17133e+09	3.17138e+09	0	1
359	0	10	3.17924e+09	3.17928e+09	3.17958e+09	3.18744e+09	1	0
360	0	50	3.1918e+09	3.19184e+09	3.19214e+09	3.19229e+09	0	0
361	1	50	3.19858e+09	3.19862e+09	3.19892e+09	3.19893e+09	0	0
362	1	50	3.2067e+09	3.20674e+09	3.20704e+09	3.20711e+09	0	0
363	1	50	3.21377e+09	3.21381e+09	3.21411e+09	3.21418e+09	0	0
364	0	50	3.2187e+09	3.21874e+09	3.21904e+09	3.21916e+09	0	0
365	0	50	3.22368e+09	3.22372e+09	3.22402e+09	3.2241e+09	0	0
366	0	50	3.23001e+09	3.23005e+09	3.23035e+09	3.24514e+09	0	0
367	0	10	3.24974e+09	3.24977e+09	3.25007e+09	3.26562e+09	0	1
368	0	50	3.27284e+09	3.27288e+09	3.27318e+09	3.27323e+09	1	1
369	0	50	3.27485e+09	3.27488e+09	3.27518e+09	3.2752e+09	0	0
370	1	50	3.28004e+09	3.28008e+09	3.28038e+09	3.28039e+09	0	0
371	1	50	3.2849e+09	3.28494e+09	3.28524e+09	3.28529e+09	0	0
372	1	50	3.28981e+09	3.28985e+09	3.29015e+09	3.29016e+09	1	1
373	0	10	3.29438e+09	3.29441e+09	3.29471e+09	3.29473e+09	1	0
374	0	10	3.30362e+09	3.30366e+09	3.30396e+09	3.30406e+09	1	0
375	0	10	3.30584e+09	3.30588e+09	3.30618e+09	3.30619e+09	1	0
376	0	50	3.31454e+09	3.31458e+09	3.31488e+09	3.31491e+09	0	0
377	1	50	3.31943e+09	3.31947e+09	3.31977e+09	3.31979e+09	0	0
378	1	50	3.3243e+09	3.32434e+09	3.32464e+09	3.3247e+09	0	0
379	1	50	3.32921e+09	3.32925e+09	3.32955e+09	3.32958e+09	0	0
380	0	10	3.33892e+09	3.33897e+09	3.33927e+09	3.34415e+09	0	1
381	0	10	3.34867e+09	3.34871e+09	3.34901e+09	3.3491e+09	1	0
382	0	10	3.35098e+09	3.35101e+09	3.35131e+09	3.35139e+09	1	0
383	0	50	3.353e+09	3.35304e+09	3.35334e+09	3.35339e+09	0	0
384	1	50	3.36456e+09	3.36459e+09	3.36489e+09	3.36495e+09	0	0
385	1	50	3.37142e+09	3.37147e+09	3.37177e+09	3.37269e+09	0	0
386	1	50	3.38285e+09	3.38289e+09	3.38319e+09	3.38325e+09	0	0
387	0	10	3.38776e+09	3.3878e+09	3.3881e+09	3.3881e+09	1	0
388	0	10	3.39919e+09	3.39923e+09	3.39953e+09	3.39956e+09	1	0
389	0	10	3.40317e+09	3.40321e+09	3.40351e+09	3.40353e+09	0	1
390	1	10	3.4123e+09	3.41234e+09	3.41264e+09	3.41269e+09	1	0
391	0	10	3.41603e+09	3.41608e+09	3.41638e+09	3.4164e+09	1	0
392	0	10	3.42789e+09	3.42794e+09	3.42824e+09	3.42834e+09	1	0
393	0	10	3.44179e+09	3.44183e+09	3.44213e+09	3.44216e+09	1	0
394	0	50	3.44389e+09	3.44393e+09	3.44423e+09	3.4444e+09	0	0
395	1	50	3.44985e+09	3.4499e+09	3.4502e+09	3.45022e+09	1	1
396	0	50	3.46208e+09	3.46211e+09	3.46241e+09	3.46248e+09	0	0
397	1	50	3.46725e+09	3.46729e+09	3.46759e+09	3.4676e+09	0	0
398	1	50	3.47212e+09	3.47216e+09	3.47246e+09	3.47249e+09	1	1
399	0	50	3.47435e+09	3.47438e+09	3.47468e+09	3.4747e+09	1	1
400	0	10	3.4809e+09	3.48093e+09	3.48124e+09	3.48124e+09	1	0
401	0	10	3.48716e+09	3.48719e+09	3.48749e+09	3.48848e+09	1	0
402	0	10	3.494e+09	3.49405e+09	3.49435e+09	3.49441e+09	1	0
403	0	50	3.50373e+09	3.50377e+09	3.50407e+09	3.50411e+09	0	0
404	1	50	3.51027e+09	3.51031e+09	3.51061e+09	3.51069e+09	0	0
405	1	50	3.51679e+09	3.51683e+09	3.51713e+09	3.51722e+09	0	0
406	1	50	3.52217e+09	3.52221e+09	3.52251e+09	3.52256e+09	0	0
407	0	10	3.52708e+09	3.52712e+09	3.52742e+09	3.52754e+09	1	0
408	0	50	3.53337e+09	3.53341e+09	3.53371e+09	3.53375e+09	0	0
409	1	50	3.55006e+09	3.5501e+09	3.5504e+09	3.55044e+09	1	1
410	0	10	3.56804e+09	3.56808e+09	3.56838e+09	3.56877e+09	1	0
411	0	10	3.57337e+09	3.57342e+09	3.57372e+09	3.57379e+09	1	0
412	0	10	3.57989e+09	3.57992e+09	3.58022e+09	3.58027e+09	1	0
413	0	50	3.58858e+09	3.58862e+09	3.58892e+09	3.58901e+09	0	0
414	1	50	3.59426e+09	3.5943e+09	3.5946e+09	3.59542e+09	0	0
415	1	50	3.59995e+09	3.6e+09	3.6003e+09	3.60032e+09	0	0
416	1	50	3.60658e+09	3.60661e+09	3.60691e+09	3.60694e+09	0	0
417	0	50	3.61147e+09	3.61151e+09	3.61181e+09	3.61183e+09	0	0
418	0	50	3.61677e+09	3.61681e+09	3.61711e+09	3.61752e+09	0	0
419	0	10	3.62203e+09	3.62207e+09	3.62237e+09	3.62245e+09	1	0
420	0	10	3.62599e+09	3.62603e+09	3.62633e+09	3.62634e+09	1	0
421	0	10	3.63307e+09	3.63312e+09	3.63342e+09	3.63343e+09	1	0
422	0	50	3.63867e+09	3.6387e+09	3.639e+09	3.64133e+09	0	0
423	1	50	3.64716e+09	3.6472e+09	3.6475e+09	3.64752e+09	0	0
424	1	50	3.65205e+09	3.6521e+09	3.6524e+09	3.65249e+09	0	0
425	1	50	3.66126e+09	3.66131e+09	3.66161e+09	3.66161e+09	1	1
426	0	10	3.66764e+09	3.66769e+09	3.66799e+09	3.66808e+09	1	0
427	0	10	3.66977e+09	3.6698e+09	3.6701e+09	3.67022e+09	1	0
428	0	10	3.67874e+09	3.67878e+09	3.67908e+09	3.67909e+09	1	0
429	0	10	3.68237e+09	3.68242e+09	3.68272e+09	3.68274e+09	1	0
430	0	50	3.68764e+09	3.68768e+09	3.68798e+09	3.68801e+09	0	0
431	1	50	3.69777e+09	3.69781e+09	3.69811e+09	3.69814e+09	0	0
432	1	50	3.70336e+09	3.70339e+09	3.70369e+09	3.70371e+09	1	1
433	0	10	3.70535e+09	3.70539e+09	3.70569e+09	3.70581e+09	0	1
434	1	10	3.71156e+09	3.7116e+09	3.7119e+09	3.71191e+09	1	0
435	0	10	3.71731e+09	3.71735e+09	3.71765e+09	3.71771e+09	1	0
436	0	50	3.72128e+09	3.72132e+09	3.72162e+09	3.72166e+09	0	0
437	1	50	3.72833e+09	3.72838e+09	3.72868e+09	3.72868e+09	0	0
438	1	50	3.73505e+09	3.7351e+09	3.7354e+09	3.73543e+09	1	1
439	0	50	3.74179e+09	3.74183e+09	3.74213e+09	3.74215e+09	0	0
440	1	50	3.74925e+09	3.74929e+09	3.74959e+09	3.74961e+09	0	0
441	1	50	3.75414e+09	3.75418e+09	3.75448e+09	3.75457e+09	0	0
442	1	50	3.7653e+09	3.76533e+09	3.76564e+09	3.76564e+09	0	0
443	0	50	3.77304e+09	3.77307e+09	3.77337e+09	3.77341e+09	0	0
444	0	50	3.77793e+09	3.77797e+09	3.77827e+09	3.77832e+09	0	0
445	0	10	3.78694e+09	3.78698e+09	3.78728e+09	3.78731e+09	1	0
446	0	50	3.79405e+09	3.7941e+09	3.7944e+09	3.79443e+09	0	0
447	1	50	3.80003e+09	3.80007e+09	3.80037e+09	3.80038e+09	0	0
448	1	50	3.8049e+09	3.80494e+09	3.80524e+09	3.80529e+09	0	0
449	1	50	3.80981e+09	3.80985e+09	3.81015e+09	3.81016e+09	0	0
450	0	10	3.81728e+09	3.81732e+09	3.81762e+09	3.81913e+09	0	1
451	0	10	3.82364e+09	3.82369e+09	3.82399e+09	3.82483e+09	1	0
452	0	10	3.82868e+09	3.82871e+09	3.82901e+09	3.82906e+09	1	0
453	0	10	3.83511e+09	3.83515e+09	3.83545e+09	3.83551e+09	1	0
454	0	10	3.84145e+09	3.84148e+09	3.84178e+09	3.8418e+09	1	0
455	0	50	3.84813e+09	3.84816e+09	3.84846e+09	3.84847e+09	0	0
456	1	50	3.8539e+09	3.85395e+09	3.85425e+09	3.85425e+09	1	1
457	0	10	3.85786e+09	3.8579e+09	3.8582e+09	3.85825e+09	1	0
458	0	10	3.864e+09	3.86404e+09	3.86434e+09	3.8644e+09	1	0
459	0	50	3.8681e+09	3.86814e+09	3.86844e+09	3.86845e+09	0	0
460	1	50	3.87297e+09	3.87301e+09	3.87331e+09	3.87337e+09	1	1
461	0	10	3.88371e+09	3.88375e+09	3.88405e+09	3.88412e+09	1	0
462	0	50	3.88805e+09	3.88808e+09	3.88838e+09	3.88839e+09	0	0
463	1	50	3.89647e+09	3.89651e+09	3.89681e+09	3.89682e+09	0	0
464	1	50	3.90311e+09	3.90314e+09	3.90344e+09	3.90345e+09	0	0
465	1	50	3.90797e+09	3.90801e+09	3.90831e+09	3.90833e+09	0	0
466	0	10	3.91744e+09	3.91747e+09	3.91777e+09	3.91778e+09	1	0
467	0	10	3.91942e+09	3.91946e+09	3.91976e+09	3.9199e+09	1	0
468	0	10	3.93458e+09	3.93463e+09	3.93493e+09	3.93499e+09	0	1
469	1	10	3.94e+09	3.94005e+09	3.94035e+09	3.94045e+09	0	1
470	1	10	3.94641e+09	3.94644e+09	3.94674e+09	3.94677e+09	1	0
471	0	50	3.94848e+09	3.94851e+09	3.94881e+09	3.94924e+09	0	0
472	1	50	3.95512e+09	3.95516e+09	3.95546e+09	3.95643e+09	0	0
473	1	50	3.96095e+09	3.96099e+09	3.96129e+09	3.96129e+09	0	0
474	1	50	3.96581e+09	3.96585e+09	3.96615e+09	3.9662e+09	0	0
475	0	10	3.97078e+09	3.97081e+09	3.97112e+09	3.97118e+09	1	0
476	0	50	3.9793e+09	3.97934e+09	3.97964e+09	3.97969e+09	1	1
477	0	10	3.9897e+09	3.98974e+09	3.99005e+09	3.99006e+09	1	0
478	0	50	3.99184e+09	3.99189e+09	3.99219e+09	3.9922e+09	0	0
479	1	50	3.99683e+09	3.99687e+09	3.99717e+09	3.99719e+09	0	0
480	1	50	4.00314e+09	4.00318e+09	4.00348e+09	4.00349e+09	0	0
481	1	50	4.0093e+09	4.00934e+09	4.00964e+09	4.00971e+09	0	0
482	0	10	4.01596e+09	4.01599e+09	4.01629e+09	4.0163e+09	1	0
483	0	50	4.0231e+09	4.02315e+09	4.02345e+09	4.02354e+09	1	1
484	0	50	4.02971e+09	4.02975e+09	4.03005e+09	4.03015e+09	0	0
485	1	50	4.03502e+09	4.03506e+09	4.03536e+09	4.03539e+09	0	0
486	1	50	4.03991e+09	4.03995e+09	4.04025e+09	4.04025e+09	0	0
487	1	50	4.04672e+09	4.04677e+09	4.04707e+09	4.0471e+09	0	0
488	0	10	4.05163e+09	4.05167e+09	4.05197e+09	4.05209e+09	1	0
489	0	10	4.05534e+09	4.05539e+09	4.05569e+09	4.05569e+09	1	0
490	0	50	4.05746e+09	4.05751e+09	4.05781e+09	4.05785e+09	0	0
491	1	50	4.06508e+09	4.06511e+09	4.06541e+09	4.06543e+09	1	1
492	0	50	4.07005e+09	4.0701e+09	4.0704e+09	4.07057e+09	1	1
493	0	10	4.07737e+09	4.07741e+09	4.07771e+09	4.07772e+09	1	0
494	0	10	4.08251e+09	4.08256e+09	4.08286e+09	4.08287e+09	1	0
495	0	50	4.0897e+09	4.08975e+09	4.09005e+09	4.09028e+09	0	0
496	1	50	4.09623e+09	4.09626e+09	4.09656e+09	4.09657e+09	0	0
497	1	50	4.10109e+09	4.10113e+09	4.10143e+09	4.10146e+09	0	0
498	1	50	4.10904e+09	4.10908e+09	4.10938e+09	4.1095e+09	0	0
499	0	50	4.11403e+09	4.11407e+09	4.11437e+09	4.1144e+09	0	0
500	0	50	4.11892e+09	4.11896e+09	4.11926e+09	4.11936e+09	0	0
501	0	10	4.12573e+09	4.12576e+09	4.12606e+09	4.13057e+09	1	0
502	0	10	4.13241e+09	4.13245e+09	4.13275e+09	4.133e+09	0	1
503	1	10	4.1421e+09	4.14214e+09	4.14244e+09	4.14324e+09	1	0
504	0	50	4.14497e+09	4.14501e+09	4.14531e+09	4.14712e+09	1	1
505	0	50	4.15367e+09	4.1537e+09	4.154e+09	4.15404e+09	0	0
506	1	50	4.15913e+09	4.15918e+09	4.15948e+09	4.15971e+09	0	0
507	1	50	4.16422e+09	4.16426e+09	4.16456e+09	4.16457e+09	0	0
508	1	50	4.16909e+09	4.16913e+09	4.16943e+09	4.16943e+09	0	0
509	0	50	4.176e+09	4.17604e+09	4.17634e+09	4.17673e+09	0	0
510	0	50	4.18125e+09	4.18129e+09	4.18159e+09	4.18198e+09	0	0
511	0	10	4.18818e+09	4.18822e+09	4.18852e+09	4.18857e+09	1	0
512	0	10	4.19021e+09	4.19025e+09	4.19055e+09	4.1908e+09	0	1
513	1	10	4.19841e+09	4.19846e+09	4.19876e+09	4.20299e+09	1	0
514	0	10	4.20836e+09	4.2084e+09	4.2087e+09	4.21777e+09	1	0
515	0	10	4.22186e+09	4.22189e+09	4.22219e+09	4.23239e+09	1	0
516	0	50	4.23873e+09	4.23876e+09	4.23906e+09	4.23907e+09	0	0
517	1	50	4.24359e+09	4.24362e+09	4.24392e+09	4.24394e+09	1	1
518	0	50	4.24726e+09	4.2473e+09	4.2476e+09	4.25132e+09	0	0
519	1	50	4.25584e+09	4.25588e+09	4.25618e+09	4.25621e+09	1	1
520	0	50	4.25785e+09	4.25789e+09	4.25819e+09	4.25832e+09	0	0
521	1	50	4.26284e+09	4.26288e+09	4.26318e+09	4.26318e+09	0	0
522	1	50	4.26771e+09	4.26776e+09	4.26806e+09	4.26806e+09	0	0
523	1	50	4.27258e+09	4.27262e+09	4.27292e+09	4.27293e+09	0	0
524	0	50	4.27745e+09	4.27749e+09	4.27779e+09	4.278e+09	0	0
525	0	50	4.28253e+09	4.28258e+09	4.28288e+09	4.28293e+09	0	0
526	0	50	4.28745e+09	4.28749e+09	4.28779e+09	4.28786e+09	0	0
527	0	10	4.29237e+09	4.29242e+09	4.29272e+09	4.29345e+09	1	0
528	0	50	2.22004e+06	2.25622e+06	2.55647e+06	2.80664e+06	0	0
529	1	50	7.31956e+06	7.35903e+06	7.65928e+06	7.68827e+06	0	0
530	1	50	1.2204e+07	1.22443e+07	1.25446e+07	1.26108e+07	0	0
531	1	50	1.71264e+07	1.71683e+07	1.74686e+07	1.75872e+07	1	1
532	0	50	1.92983e+07	1.93407e+07	1.9641e+07	1.98605e+07	1	1
533	0	10	2.43118e+07	2.43541e+07	2.46544e+07	2.53157e+07	1	0
534	0	50	2.98527e+07	2.98893e+07	3.01895e+07	3.02295e+07	0	0
535	1	50	3.47464e+07	3.47853e+07	3.50855e+07	3.54859e+07	0	0
536	1	50	4.04296e+07	4.04645e+07	4.07648e+07	4.07736e+07	0	0
537	1	50	4.52854e+07	4.53272e+07	4.56274e+07	4.56486e+07	0	0
538	0	10	5.01709e+07	5.02098e+07	5.051e+07	5.06194e+07	1	0
539	0	10	5.23162e+07	5.23582e+07	5.26584e+07	5.26689e+07	1	0
540	0	10	5.79727e+07	5.80148e+07	5.8315e+07	5.83443e+07	0	1
541	1	10	6.3318e+07	6.33591e+07	6.36594e+07	6.36642e+07	1	0
542	0	50	6.53251e+07	6.53687e+07	6.5669e+07	6.56932e+07	0	0
543	1	50	7.03027e+07	7.03501e+07	7.06504e+07	7.06867e+07	0	0
544	1	50	7.52056e+07	7.52461e+07	7.55463e+07	7.555e+07	0	0
545	1	50	8.19845e+07	8.20236e+07	8.23238e+07	8.23565e+07	0	0
546	0	10	8.76411e+07	8.76748e+07	8.79751e+07	8.80664e+07	1	0
547	0	10	8.97731e+07	8.98126e+07	9.01128e+07	9.014e+07	1	0
548	0	10	9.39438e+07	9.39759e+07	9.42762e+07	9.43428e+07	1	0
549	0	10	9.77408e+07	9.7787e+07	9.80873e+07	9.81238e+07	0	1
550	1	10	1.02653e+08	1.02699e+08	1.02999e+08	1.03014e+08	1	0
551	0	50	1.07998e+08	1.08041e+08	1.08341e+08	1.08362e+08	0	0
552	1	50	1.12884e+08	1.12925e+08	1.13225e+08	1.1323e+08	0	0
553	1	50	1.18301e+08	1.18333e+08	1.18633e+08	1.23982e+08	0	0
554	1	50	1.28496e+08	1.28535e+08	1.28835e+08	1.28907e+08	0	0
555	0	50	1.33462e+08	1.33501e+08	1.33802e+08	1.33829e+08	0	0
556	0	50	1.44235e+08	1.44273e+08	1.44573e+08	1.44611e+08	0	0
557	0	50	1.49132e+08	1.49171e+08	1.49472e+08	1.49589e+08	0	0
558	0	50	1.5411e+08	1.5415e+08	1.5445e+08	1.54494e+08	0	0
559	0	50	1.59342e+08	1.59389e+08	1.59689e+08	1.59888e+08	0	0
560	0	10	1.64423e+08	1.64454e+08	1.64755e+08	1.66161e+08	1	0
561	0	50	1.67952e+08	1.67996e+08	1.68296e+08	1.68377e+08	0	0
562	1	50	1.7436e+08	1.74396e+08	1.74696e+08	1.74764e+08	0	0
563	1	50	1.79278e+08	1.79317e+08	1.79617e+08	1.79775e+08	1	1
564	0	50	1.82563e+08	1.82604e+08	1.82904e+08	1.82997e+08	0	0
565	1	50	1.8753e+08	1.87577e+08	1.87877e+08	1.87938e+08	0	0
566	1	50	1.93529e+08	1.93561e+08	1.93861e+08	1.94986e+08	0	0
567	1	50	1.99501e+08	1.9954e+08	1.9984e+08	1.9988e+08	0	0
568	0	10	2.04402e+08	2.04439e+08	2.04739e+08	2.05742e+08	0	1
569	0	50	2.10265e+08	2.10302e+08	2.10603e+08	2.15319e+08	1	1
570	0	10	2.20564e+08	2.20608e+08	2.20908e+08	2.20933e+08	1	0
571	0	50	2.2258e+08	2.22627e+08	2.22927e+08	2.22983e+08	0	0
572	1	50	2.27513e+08	2.27558e+08	2.27858e+08	2.27917e+08	0	0
573	1	50	2.32445e+08	2.32491e+08	2.32791e+08	2.32901e+08	0	0
574	1	50	2.37417e+08	2.37456e+08	2.37757e+08	2.3776e+08	0	0
575	0	10	2.42291e+08	2.42335e+08	2.42635e+08	2.4264e+08	1	0
576	0	10	2.44423e+08	2.44458e+08	2.44758e+08	2.44768e+08	1	0
577	0	50	2.5339e+08	2.53425e+08	2.53725e+08	2.53737e+08	0	0
578	1	50	2.58766e+08	2.5881e+08	2.5911e+08	2.59113e+08	0	0
579	1	50	2.68132e+08	2.68177e+08	2.68477e+08	2.68494e+08	1	1
580	0	50	2.70342e+08	2.70376e+08	2.70677e+08	2.70738e+08	0	0
581	1	50	2.75255e+08	2.75292e+08	2.75593e+08	2.75618e+08	0	0
582	1	50	2.81003e+08	2.81049e+08	2.81349e+08	2.81356e+08	1	1
583	0	50	2.84621e+08	2.84656e+08	2.84956e+08	2.85016e+08	0	0
584	1	50	2.89544e+08	2.89589e+08	2.89889e+08	2.89897e+08	0	0
585	1	50	2.95294e+08	2.95334e+08	2.95634e+08	2.95691e+08	0	0
586	1	50	3.00209e+08	3.0025e+08	3.0055e+08	3.00557e+08	1	1
587	0	10	3.02206e+08	3.02241e+08	3.02541e+08	3.02546e+08	1	0
588	0	10	3.07423e+08	3.07461e+08	3.07761e+08	3.07804e+08	1	0
589	0	50	3.09571e+08	3.09604e+08	3.09904e+08	3.10047e+08	0	0
590	1	50	3.14566e+08	3.14604e+08	3.14904e+08	3.14937e+08	0	0
591	1	50	3.19458e+08	3.19499e+08	3.19799e+08	3.19819e+08	0	0
592	1	50	3.2434e+08	3.24379e+08	3.24679e+08	3.28354e+08	0	0
593	0	10	3.32886e+08	3.32932e+08	3.33233e+08	3.39693e+08	1	0
594	0	10	3.43843e+08	3.43884e+08	3.44184e+08	3.68714e+08	1	0
595	0	10	3.73084e+08	3.73116e+08	3.73416e+08	3.92087e+08	1	0
596	0	10	3.95828e+08	3.95869e+08	3.96169e+08	3.96208e+08	0	1
597	1	10	4.00729e+08	4.00769e+08	4.01069e+08	4.03645e+08	0	1
598	1	10	4.08436e+08	4.08479e+08	4.08779e+08	4.23218e+08	0	1
599	1	10	4.27736e+08	4.27776e+08	4.28076e+08	4.35514e+08	1	0
600	0	10	4.392e+08	4.39248e+08	4.39548e+08	4.54416e+08	1	0
601	0	50	4.58832e+08	4.58869e+08	4.59169e+08	4.59238e+08	0	0