
001	0	10	1.03342e+07	1.03724e+07	1.0674e+07	1.08951e+07	1	0
002	0	50	2.03315e+07	2.03805e+07	2.06807e+07	2.07169e+07	1	1
003	0	50	3.97916e+07	3.98322e+07	4.01325e+07	4.01897e+07	0	0
004	1	50	4.66494e+07	4.66898e+07	4.699e+07	4.71501e+07	0	0
005	1	50	5.16721e+07	5.17112e+07	5.20114e+07	5.21464e+07	1	1
006	0	50	6.29924e+07	6.30337e+07	6.33339e+07	6.3384e+07	0	0
007	1	50	7.02034e+07	7.02435e+07	7.05437e+07	7.06481e+07	0	0
008	1	50	7.87026e+07	7.87464e+07	7.90466e+07	7.92376e+07	0	0
009	1	50	8.48732e+07	8.49127e+07	8.5213e+07	8.52338e+07	0	0
010	0	50	9.18354e+07	9.18797e+07	9.21799e+07	9.21874e+07	1	1
011	0	50	1.06481e+08	1.06514e+08	1.06814e+08	1.07017e+08	0	0
012	1	50	1.1202e+08	1.12053e+08	1.12354e+08	1.12437e+08	0	0
013	1	50	1.25736e+08	1.25784e+08	1.26085e+08	1.26094e+08	1	1
014	0	10	1.27663e+08	1.27701e+08	1.28001e+08	1.28014e+08	0	1
015	1	10	1.33176e+08	1.33216e+08	1.33516e+08	1.33645e+08	1	0
016	0	50	1.53935e+08	1.53971e+08	1.54272e+08	1.54315e+08	0	0
017	1	50	1.63877e+08	1.63917e+08	1.64217e+08	1.64296e+08	0	0
018	1	50	1.68877e+08	1.68913e+08	1.69213e+08	1.69309e+08	0	0
019	1	50	1.80036e+08	1.80072e+08	1.80373e+08	1.80442e+08	0	0
020	0	10	1.84956e+08	1.84995e+08	1.85295e+08	1.85623e+08	1	0
021	0	10	1.87362e+08	1.87396e+08	1.87696e+08	1.87705e+08	1	0
022	0	10	1.89606e+08	1.89639e+08	1.89939e+08	1.89976e+08	1	0
023	0	10	2.02239e+08	2.02276e+08	2.02576e+08	2.02618e+08	1	0
024	0	50	2.3227e+08	2.32309e+08	2.3261e+08	2.32697e+08	0	0
025	1	50	2.49839e+08	2.49882e+08	2.50183e+08	2.5021e+08	0	0
026	1	50	2.59845e+08	2.59893e+08	2.60193e+08	2.60203e+08	0	0
027	1	50	2.78273e+08	2.78307e+08	2.78607e+08	2.7872e+08	0	0
028	0	50	2.86978e+08	2.87016e+08	2.87317e+08	2.87382e+08	0	0
029	0	50	3.04024e+08	3.04069e+08	3.04369e+08	3.05689e+08	0	0
030	0	10	3.10357e+08	3.10403e+08	3.10704e+08	3.10754e+08	0	1
031	0	10	3.15288e+08	3.15335e+08	3.15636e+08	3.1685e+08	1	0
032	0	10	3.2498e+08	3.25023e+08	3.25323e+08	3.25411e+08	0	1
033	1	10	3.31685e+08	3.31731e+08	3.32031e+08	3.3258e+08	1	0
034	0	10	3.39472e+08	3.39516e+08	3.39816e+08	3.39822e+08	1	0
035	0	50	3.5214e+08	3.52174e+08	3.52475e+08	3.54003e+08	0	0
036	1	50	3.64406e+08	3.64436e+08	3.64737e+08	3.64742e+08	1	1
037	0	50	3.83266e+08	3.83298e+08	3.83599e+08	3.83611e+08	1	1
038	0	50	3.90101e+08	3.90141e+08	3.90441e+08	3.90451e+08	1	1
039	0	50	4.04352e+08	4.04386e+08	4.04686e+08	4.04691e+08	1	1
040	0	10	4.15762e+08	4.15797e+08	4.16097e+08	4.16103e+08	0	1
041	1	10	4.21291e+08	4.21336e+08	4.21636e+08	4.21664e+08	0	1
042	1	10	4.37914e+08	4.37961e+08	4.38261e+08	4.38562e+08	1	0
043	0	10	4.46606e+08	4.46647e+08	4.46947e+08	4.47523e+08	1	0
044	0	10	4.72181e+08	4.72214e+08	4.72515e+08	4.72768e+08	1	0
045	0	10	4.78213e+08	4.78261e+08	4.78561e+08	4.78588e+08	0	1
046	1	10	4.93475e+08	4.93508e+08	4.93808e+08	4.95568e+08	1	0
047	0	50	5.01107e+08	5.01146e+08	5.01446e+08	5.02301e+08	1	1
048	0	50	5.04005e+08	5.0404e+08	5.0434e+08	5.0467e+08	0	0
049	1	50	5.12471e+08	5.12511e+08	5.12811e+08	5.14477e+08	0	0
050	1	50	5.19105e+08	5.1915e+08	5.1945e+08	5.19488e+08	0	0
051	1	50	5.2893e+08	5.2897e+08	5.2927e+08	5.3074e+08	0	0
052	0	50	5.43256e+08	5.43299e+08	5.43599e+08	5.43623e+08	1	1
053	0	50	5.52006e+08	5.52052e+08	5.52352e+08	5.52458e+08	0	0
054	1	50	5.58934e+08	5.58975e+08	5.59275e+08	5.61627e+08	0	0
055	1	50	5.76302e+08	5.76347e+08	5.76647e+08	5.7667e+08	0	0
056	1	50	5.95824e+08	5.95866e+08	5.96167e+08	5.96727e+08	0	0
057	0	50	6.04958e+08	6.05006e+08	6.05306e+08	6.05916e+08	1	1
058	0	10	6.15644e+08	6.15689e+08	6.15989e+08	6.16326e+08	1	0
059	0	10	6.18548e+08	6.18595e+08	6.18896e+08	6.19176e+08	1	0
060	0	10	6.23723e+08	6.23754e+08	6.24055e+08	6.24741e+08	1	0
061	0	10	6.31679e+08	6.31711e+08	6.32012e+08	6.32021e+08	1	0
062	0	10	6.40579e+08	6.40611e+08	6.40911e+08	6.4116e+08	1	0
063	0	50	6.59458e+08	6.59499e+08	6.59799e+08	6.59847e+08	0	0
064	1	50	6.99555e+08	6.99589e+08	6.99889e+08	6.99904e+08	0	0
065	1	50	7.14816e+08	7.14849e+08	7.1515e+08	7.15231e+08	0	0
066	1	50	7.19749e+08	7.19785e+08	7.20086e+08	7.201e+08	0	0
067	0	50	7.24828e+08	7.2486e+08	7.2516e+08	7.25227e+08	0	0
068	0	10	7.33e+08	7.33044e+08	7.33344e+08	7.33372e+08	0	1
069	0	10	7.42045e+08	7.42093e+08	7.42393e+08	7.42455e+08	1	0
070	0	50	7.52403e+08	7.52442e+08	7.52743e+08	7.52748e+08	0	0
071	1	50	7.59539e+08	7.59572e+08	7.59872e+08	7.59882e+08	0	0
072	1	50	7.70337e+08	7.70388e+08	7.70688e+08	7.70701e+08	1	1
073	0	10	8.00108e+08	8.00149e+08	8.00449e+08	8.00461e+08	1	0
074	0	50	8.17314e+08	8.17358e+08	8.17658e+08	8.1774e+08	0	0
075	1	50	8.23239e+08	8.23276e+08	8.23576e+08	8.23604e+08	0	0
076	1	50	8.29463e+08	8.29505e+08	8.29805e+08	8.30213e+08	0	0
077	1	50	8.34808e+08	8.34849e+08	8.35149e+08	8.35324e+08	0	0
078	0	10	8.39997e+08	8.40029e+08	8.4033e+08	8.40339e+08	0	1
079	0	50	8.49687e+08	8.49723e+08	8.50023e+08	8.50091e+08	1	1
080	0	10	8.69046e+08	8.69077e+08	8.69377e+08	8.69387e+08	0	1
081	1	10	8.84195e+08	8.84228e+08	8.84528e+08	8.8474e+08	1	0
082	0	10	9.11663e+08	9.11695e+08	9.11996e+08	9.12086e+08	1	0
083	0	50	9.27283e+08	9.27331e+08	9.27631e+08	9.27861e+08	0	0
084	1	50	9.34656e+08	9.34699e+08	9.35e+08	9.35049e+08	0	0
085	1	50	9.48641e+08	9.48681e+08	9.48982e+08	9.48989e+08	1	1
086	0	10	9.81725e+08	9.81773e+08	9.82074e+08	9.8214e+08	0	1
087	1	10	9.99188e+08	9.99222e+08	9.99522e+08	9.99533e+08	1	0
088	0	50	1.02753e+09	1.02757e+09	1.02787e+09	1.02788e+09	1	1
089	0	50	1.0522e+09	1.05224e+09	1.05254e+09	1.05255e+09	0	0
090	1	50	1.05984e+09	1.05989e+09	1.06019e+09	1.06019e+09	1	1
091	0	10	1.07886e+09	1.07891e+09	1.07921e+09	1.07922e+09	1	0
092	0	50	1.10843e+09	1.10847e+09	1.10877e+09	1.10911e+09	0	0
093	1	50	1.11655e+09	1.11659e+09	1.11689e+09	1.1169e+09	0	0
094	1	50	1.1222e+09	1.12224e+09	1.12254e+09	1.12267e+09	0	0
095	1	50	1.12772e+09	1.12776e+09	1.12806e+09	1.12816e+09	0	0
096	0	10	1.13754e+09	1.13758e+09	1.13788e+09	1.1381e+09	1	0
097	0	50	1.14198e+09	1.14202e+09	1.14232e+09	1.14246e+09	0	0
098	1	50	1.15718e+09	1.15721e+09	1.15751e+09	1.15763e+09	0	0
099	1	50	1.16457e+09	1.16462e+09	1.16492e+09	1.16502e+09	0	0
100	1	50	1.18181e+09	1.18185e+09	1.18215e+09	1.18221e+09	0	0
101	0	50	1.18767e+09	1.18771e+09	1.18801e+09	1.18802e+09	0	0
102	0	50	1.19408e+09	1.19412e+09	1.19442e+09	1.19457e+09	0	0
103	0	10	1.19923e+09	1.19927e+09	1.19957e+09	1.19969e+09	1	0
104	0	50	1.21387e+09	1.2139e+09	1.2142e+09	1.21425e+09	0	0
105	1	50	1.22145e+09	1.22149e+09	1.22179e+09	1.22184e+09	1	1
106	0	10	1.2345e+09	1.23453e+09	1.23483e+09	1.23486e+09	1	0
107	0	10	1.25406e+09	1.25409e+09	1.25439e+09	1.25446e+09	1	0
108	0	10	1.28476e+09	1.28479e+09	1.28509e+09	1.2853e+09	1	0
109	0	10	1.2958e+09	1.29584e+09	1.29614e+09	1.29616e+09	0	1
110	1	10	1.31993e+09	1.31998e+09	1.32028e+09	1.32046e+09	1	0
111	0	10	1.32206e+09	1.3221e+09	1.32241e+09	1.32245e+09	1	0
112	0	50	1.33329e+09	1.33334e+09	1.33364e+09	1.33379e+09	0	0
113	1	50	1.34224e+09	1.34229e+09	1.34259e+09	1.34263e+09	0	0
114	1	50	1.34953e+09	1.34957e+09	1.34987e+09	1.35002e+09	0	0
115	1	50	1.35562e+09	1.35565e+09	1.35595e+09	1.35601e+09	0	0
116	0	10	1.36338e+09	1.36341e+09	1.36371e+09	1.36372e+09	1	0
117	0	10	1.36771e+09	1.36774e+09	1.36804e+09	1.36809e+09	1	0
118	0	10	1.38047e+09	1.38051e+09	1.38081e+09	1.38089e+09	1	0
119	0	10	1.40247e+09	1.40251e+09	1.40281e+09	1.40285e+09	1	0
120	0	50	1.42718e+09	1.42722e+09	1.42752e+09	1.42763e+09	0	0
121	1	50	1.43858e+09	1.43862e+09	1.43892e+09	1.43911e+09	0	0
122	1	50	1.45118e+09	1.45121e+09	1.45151e+09	1.45162e+09	0	0
123	1	50	1.4696e+09	1.46965e+09	1.46995e+09	1.47016e+09	0	0
124	0	10	1.47557e+09	1.47562e+09	1.47592e+09	1.47594e+09	1	0
125	0	50	1.48972e+09	1.48976e+09	1.49006e+09	1.49013e+09	0	0
126	1	50	1.50367e+09	1.50371e+09	1.50401e+09	1.50403e+09	1	1
127	0	10	1.50567e+09	1.50572e+09	1.50602e+09	1.50604e+09	1	0
128	0	50	1.51704e+09	1.51708e+09	1.51738e+09	1.51741e+09	1	1
129	0	50	1.54157e+09	1.54161e+09	1.54191e+09	1.54207e+09	0	0
130	1	50	1.55754e+09	1.55757e+09	1.55787e+09	1.55816e+09	0	0
131	1	50	1.57215e+09	1.5722e+09	1.5725e+09	1.57258e+09	0	0
132	1	50	1.57942e+09	1.57946e+09	1.57976e+09	1.57987e+09	0	0
133	0	50	1.5844e+09	1.58445e+09	1.58475e+09	1.58476e+09	0	0
134	0	50	1.58975e+09	1.58979e+09	1.59009e+09	1.59026e+09	0	0
135	0	10	1.60186e+09	1.6019e+09	1.6022e+09	1.60234e+09	1	0
136	0	50	1.60911e+09	1.60915e+09	1.60945e+09	1.60948e+09	1	1
137	0	10	1.62741e+09	1.62745e+09	1.62775e+09	1.62781e+09	1	0
138	0	10	1.63785e+09	1.63789e+09	1.63819e+09	1.63835e+09	1	0
139	0	10	1.65724e+09	1.65729e+09	1.65759e+09	1.65765e+09	1	0
140	0	50	1.66789e+09	1.66792e+09	1.66822e+09	1.66843e+09	0	0
141	1	50	1.67523e+09	1.67527e+09	1.67557e+09	1.67566e+09	0	0
142	1	50	1.68598e+09	1.68602e+09	1.68632e+09	1.68633e+09	0	0
143	1	50	1.6943e+09	1.69435e+09	1.69465e+09	1.69469e+09	0	0
144	0	10	1.6995e+09	1.69955e+09	1.69985e+09	1.69986e+09	1	0
145	0	10	1.73696e+09	1.73701e+09	1.73731e+09	1.73739e+09	1	0
146	0	50	1.75951e+09	1.75955e+09	1.75985e+09	1.75999e+09	0	0
147	1	50	1.76518e+09	1.76522e+09	1.76552e+09	1.76554e+09	1	1
148	0	50	1.78126e+09	1.7813e+09	1.7816e+09	1.78169e+09	0	0
149	1	50	1.79018e+09	1.79022e+09	1.79052e+09	1.79056e+09	1	1
150	0	10	1.79221e+09	1.79225e+09	1.79255e+09	1.79268e+09	1	0
151	0	50	1.80581e+09	1.80585e+09	1.80615e+09	1.80623e+09	0	0
152	1	50	1.81335e+09	1.81339e+09	1.81369e+09	1.81389e+09	0	0
153	1	50	1.81945e+09	1.81949e+09	1.81979e+09	1.81988e+09	0	0
154	1	50	1.82628e+09	1.82632e+09	1.82662e+09	1.82664e+09	0	0
155	0	10	1.83136e+09	1.8314e+09	1.8317e+09	1.83176e+09	1	0
156	0	10	1.84931e+09	1.84935e+09	1.84965e+09	1.84973e+09	1	0
157	0	10	1.86969e+09	1.86973e+09	1.87003e+09	1.87006e+09	1	0
158	0	10	1.87973e+09	1.87978e+09	1.88008e+09	1.88029e+09	1	0
159	0	50	1.89909e+09	1.89913e+09	1.89943e+09	1.89959e+09	0	0
160	1	50	1.90456e+09	1.9046e+09	1.9049e+09	1.90507e+09	0	0
161	1	50	1.91066e+09	1.9107e+09	1.911e+09	1.91102e+09	1	1
162	0	50	1.926e+09	1.92603e+09	1.92633e+09	1.92638e+09	0	0
163	1	50	1.93221e+09	1.93224e+09	1.93254e+09	1.93258e+09	0	0
164	1	50	1.93851e+09	1.93855e+09	1.93885e+09	1.93909e+09	0	0
165	1	50	1.94439e+09	1.94442e+09	1.94472e+09	1.94484e+09	0	0
166	0	10	1.94984e+09	1.94988e+09	1.95018e+09	1.95037e+09	1	0
167	0	10	1.95197e+09	1.95201e+09	1.95231e+09	1.95232e+09	0	1
168	1	10	1.96579e+09	1.96582e+09	1.96612e+09	1.96619e+09	1	0
169	0	10	1.98701e+09	1.98706e+09	1.98736e+09	1.98739e+09	1	0
170	0	50	2.00559e+09	2.00563e+09	2.00593e+09	2.00595e+09	1	1
171	0	50	2.02313e+09	2.02318e+09	2.02348e+09	2.02368e+09	0	0
172	1	50	2.03166e+09	2.03171e+09	2.03201e+09	2.03228e+09	0	0
173	1	50	2.03681e+09	2.03686e+09	2.03716e+09	2.03717e+09	1	1
174	0	10	2.04704e+09	2.04708e+09	2.04738e+09	2.04753e+09	1	0
175	0	10	2.06382e+09	2.06386e+09	2.06416e+09	2.06429e+09	1	0
176	0	50	2.07713e+09	2.09079e+09	2.09109e+09	2.09115e+09	0	0
177	1	50	2.09671e+09	2.09675e+09	2.09705e+09	2.09708e+09	1	1
178	0	50	2.10275e+09	2.1028e+09	2.1031e+09	2.10316e+09	0	0
179	1	50	2.10866e+09	2.1087e+09	2.109e+09	2.10905e+09	0	0
180	1	50	2.12992e+09	2.12996e+09	2.13026e+09	2.13038e+09	0	0
181	1	50	2.14056e+09	2.1406e+09	2.1409e+09	2.1409e+09	0	0
182	0	10	2.14988e+09	2.14992e+09	2.15022e+09	2.15023e+09	1	0
183	0	10	2.16232e+09	2.16235e+09	2.16265e+09	2.16286e+09	1	0
184	0	50	2.16447e+09	2.16451e+09	2.16481e+09	2.16502e+09	0	0
185	1	50	2.16954e+09	2.16958e+09	2.16988e+09	2.1699e+09	0	0
186	1	50	2.17968e+09	2.17973e+09	2.18003e+09	2.18004e+09	0	0
187	1	50	2.18796e+09	2.18801e+09	2.18831e+09	2.18832e+09	1	1
188	0	10	2.19135e+09	2.1914e+09	2.1917e+09	2.19182e+09	1	0
189	0	10	2.20032e+09	2.20035e+09	2.20065e+09	2.20069e+09	1	0
190	0	50	2.21368e+09	2.21372e+09	2.21402e+09	2.21408e+09	0	0
191	1	50	2.22475e+09	2.2248e+09	2.2251e+09	2.22511e+09	1	1
192	0	10	2.2301e+09	2.23013e+09	2.23043e+09	2.23051e+09	1	0
193	0	10	2.24161e+09	2.24166e+09	2.24196e+09	2.24203e+09	1	0
194	0	10	2.25112e+09	2.25117e+09	2.25147e+09	2.25159e+09	1	0
195	0	50	2.2841e+09	2.28413e+09	2.28443e+09	2.28458e+09	0	0
196	1	50	2.29047e+09	2.29052e+09	2.29082e+09	2.29097e+09	0	0
197	1	50	2.30072e+09	2.30075e+09	2.30105e+09	2.30112e+09	0	0
198	1	50	2.30723e+09	2.30727e+09	2.30757e+09	2.30759e+09	0	0
199	0	50	2.31384e+09	2.31387e+09	2.31417e+09	2.31419e+09	0	0
200	0	50	2.3218e+09	2.32184e+09	2.32214e+09	2.3222e+09	0	0
201	0	10	2.33066e+09	2.3307e+09	2.331e+09	2.33101e+09	1	0
202	0	50	2.33973e+09	2.33976e+09	2.34006e+09	2.34008e+09	1	1
203	0	10	2.3639e+09	2.36394e+09	2.36424e+09	2.36429e+09	1	0
204	0	10	2.37056e+09	2.3706e+09	2.3709e+09	2.37094e+09	1	0
205	0	10	2.38352e+09	2.38356e+09	2.38386e+09	2.38388e+09	0	1
206	1	10	2.40182e+09	2.40185e+09	2.40215e+09	2.40224e+09	1	0
207	0	10	2.41328e+09	2.41331e+09	2.41361e+09	2.41368e+09	1	0
208	0	10	2.43705e+09	2.43709e+09	2.43739e+09	2.43746e+09	1	0
209	0	50	2.45245e+09	2.45249e+09	2.45279e+09	2.45281e+09	1	1
210	0	10	2.45444e+09	2.45448e+09	2.45478e+09	2.45479e+09	1	0
211	0	50	2.46346e+09	2.46351e+09	2.46381e+09	2.4639e+09	1	1
212	0	50	2.48383e+09	2.48388e+09	2.48418e+09	2.48419e+09	0	0
213	1	50	2.49653e+09	2.49657e+09	2.49687e+09	2.49699e+09	0	0
214	1	50	2.50529e+09	2.50533e+09	2.50563e+09	2.50564e+09	1	1
215	0	50	2.52726e+09	2.5273e+09	2.5276e+09	2.52762e+09	0	0
216	1	50	2.53214e+09	2.53218e+09	2.53248e+09	2.53256e+09	0	0
217	1	50	2.54248e+09	2.54252e+09	2.54282e+09	2.543e+09	0	0
218	1	50	2.54873e+09	2.54878e+09	2.54908e+09	2.54912e+09	0	0
219	0	10	2.55439e+09	2.55442e+09	2.55472e+09	2.55482e+09	1	0
001	0	10	5.84091e+06	5.89285e+06	6.19442e+06	6.50462e+06	1	0
002	0	50	1.64762e+07	1.65134e+07	1.68137e+07	1.68309e+07	0	0
003	1	50	2.13617e+07	2.13947e+07	2.1695e+07	2.17059e+07	0	0
004	1	50	2.93468e+07	2.93878e+07	2.96881e+07	2.9834e+07	0	0
005	1	50	3.53987e+07	3.54461e+07	3.57463e+07	3.58317e+07	0	0
006	0	50	4.13686e+07	4.14096e+07	4.17098e+07	4.17935e+07	0	0
007	0	50	5.12594e+07	5.13002e+07	5.16005e+07	5.16777e+07	0	0
008	0	50	5.89886e+07	5.90305e+07	5.93307e+07	5.9378e+07	0	0
009	0	50	6.55381e+07	6.55678e+07	6.5868e+07	6.59124e+07	0	0
010	0	10	7.15489e+07	7.15886e+07	7.18889e+07	7.19473e+07	1	0
011	0	50	7.86064e+07	7.86383e+07	7.89386e+07	7.90213e+07	0	0
012	1	50	8.88576e+07	8.8892e+07	8.91922e+07	8.92442e+07	1	1
013	0	10	9.67649e+07	9.67997e+07	9.70999e+07	9.71711e+07	1	0
014	0	10	1.19471e+08	1.19517e+08	1.19817e+08	1.19976e+08	1	0
015	0	10	1.43678e+08	1.43723e+08	1.44023e+08	1.44103e+08	1	0
016	0	10	1.52205e+08	1.52251e+08	1.52551e+08	1.52643e+08	1	0
017	0	50	1.6245e+08	1.62486e+08	1.62786e+08	1.62959e+08	0	0
018	1	50	1.68168e+08	1.68215e+08	1.68515e+08	1.68526e+08	0	0
019	1	50	1.73041e+08	1.73081e+08	1.73382e+08	1.73444e+08	0	0
020	1	50	1.81103e+08	1.81143e+08	1.81443e+08	1.81455e+08	1	1
021	0	50	1.97472e+08	1.9752e+08	1.9782e+08	1.97977e+08	0	0
022	1	50	2.05642e+08	2.05677e+08	2.05977e+08	2.05985e+08	0	0
023	1	50	2.14713e+08	2.14747e+08	2.15047e+08	2.15077e+08	0	0
024	1	50	2.20754e+08	2.20791e+08	2.21091e+08	2.21151e+08	0	0
025	0	50	2.27757e+08	2.27788e+08	2.28088e+08	2.28095e+08	0	0
026	0	10	2.33108e+08	2.33153e+08	2.33453e+08	2.33511e+08	1	0
027	0	10	2.36952e+08	2.36988e+08	2.37288e+08	2.37445e+08	1	0
028	0	10	2.44615e+08	2.44658e+08	2.44958e+08	2.44989e+08	1	0
029	0	10	2.57933e+08	2.57966e+08	2.58266e+08	2.58297e+08	1	0
030	0	50	2.67123e+08	2.67156e+08	2.67456e+08	2.6747e+08	0	0
031	1	50	2.75092e+08	2.75144e+08	2.75444e+08	2.7557e+08	0	0
032	1	50	2.80388e+08	2.80436e+08	2.80736e+08	2.80767e+08	1	1
033	0	50	3.0126e+08	3.01298e+08	3.01599e+08	3.01741e+08	0	0
034	1	50	3.06975e+08	3.07015e+08	3.07315e+08	3.07413e+08	0	0
035	1	50	3.12952e+08	3.12988e+08	3.13288e+08	3.13302e+08	1	1
036	0	50	3.3004e+08	3.30072e+08	3.30372e+08	3.30514e+08	0	0
037	1	50	3.39921e+08	3.39958e+08	3.40258e+08	3.40355e+08	0	0
038	1	50	3.4564e+08	3.45678e+08	3.45978e+08	3.46012e+08	0	0
039	1	50	3.5281e+08	3.52852e+08	3.53152e+08	3.53167e+08	1	1
040	0	50	3.66255e+08	3.6629e+08	3.6659e+08	3.66735e+08	0	0
041	1	50	3.72936e+08	3.72975e+08	3.73275e+08	3.73302e+08	1	1
042	0	10	3.81255e+08	3.81288e+08	3.81589e+08	3.81692e+08	1	0
043	0	10	3.99616e+08	3.99652e+08	3.99953e+08	4.00176e+08	1	0
044	0	10	4.16485e+08	4.16526e+08	4.16826e+08	4.16861e+08	0	1
045	1	10	4.21381e+08	4.21421e+08	4.21721e+08	4.21768e+08	1	0
046	0	10	4.29101e+08	4.2915e+08	4.2945e+08	4.29497e+08	1	0
047	0	50	4.39013e+08	4.39052e+08	4.39353e+08	4.3957e+08	0	0
048	1	50	4.45304e+08	4.45347e+08	4.45647e+08	4.45828e+08	0	0
049	1	50	4.52124e+08	4.52162e+08	4.52462e+08	4.52471e+08	1	1
050	0	50	4.71056e+08	4.71101e+08	4.71401e+08	4.71427e+08	1	1
051	0	50	4.81443e+08	4.81477e+08	4.81778e+08	4.81804e+08	0	0
052	1	50	4.90435e+08	4.90467e+08	4.90767e+08	4.90916e+08	0	0
053	1	50	4.95694e+08	4.9573e+08	4.9603e+08	4.9616e+08	0	0
054	1	50	5.03233e+08	5.03271e+08	5.03571e+08	5.03674e+08	0	0
055	0	50	5.16636e+08	5.16682e+08	5.16982e+08	5.17017e+08	0	0
056	0	50	5.21904e+08	5.21937e+08	5.22237e+08	5.22277e+08	1	1
057	0	10	5.30452e+08	5.30484e+08	5.30784e+08	5.30812e+08	1	0
058	0	10	5.40541e+08	5.40578e+08	5.40879e+08	5.40941e+08	1	0
059	0	10	5.47685e+08	5.47723e+08	5.48023e+08	5.48128e+08	1	0
060	0	10	5.49908e+08	5.49945e+08	5.50245e+08	5.50352e+08	1	0
061	0	10	5.51944e+08	5.51978e+08	5.52279e+08	5.52439e+08	1	0
062	0	50	5.56959e+08	5.57005e+08	5.57305e+08	5.57475e+08	0	0
063	1	50	5.62992e+08	5.63033e+08	5.63333e+08	5.63353e+08	1	1
064	0	50	5.67716e+08	5.67758e+08	5.68058e+08	5.68249e+08	0	0
065	1	50	5.7286e+08	5.72905e+08	5.73205e+08	5.7327e+08	0	0
066	1	50	5.79406e+08	5.79446e+08	5.79746e+08	5.79875e+08	0	0
067	1	50	5.93041e+08	5.93077e+08	5.93377e+08	5.93402e+08	0	0
068	0	10	6.00857e+08	6.00889e+08	6.01189e+08	6.01384e+08	1	0
069	0	10	6.03418e+08	6.03457e+08	6.03757e+08	6.03822e+08	1	0
070	0	50	6.23215e+08	6.23257e+08	6.23557e+08	6.23691e+08	0	0
071	1	50	6.29464e+08	6.29509e+08	6.29809e+08	6.2993e+08	0	0
072	1	50	6.3592e+08	6.35964e+08	6.36264e+08	6.36362e+08	0	0
073	1	50	6.41731e+08	6.41778e+08	6.42078e+08	6.42127e+08	0	0
074	0	10	6.49555e+08	6.49589e+08	6.49889e+08	6.49904e+08	0	1
075	0	50	6.55347e+08	6.55383e+08	6.55683e+08	6.55747e+08	0	0
076	0	10	6.62309e+08	6.62348e+08	6.62648e+08	6.62661e+08	1	0
077	0	50	6.69557e+08	6.69601e+08	6.69902e+08	6.70089e+08	0	0
078	1	50	6.77675e+08	6.77708e+08	6.78008e+08	6.78094e+08	0	0
079	1	50	6.83766e+08	6.83808e+08	6.84108e+08	6.84178e+08	1	1
080	0	10	7.0041e+08	7.00457e+08	7.00757e+08	7.00782e+08	1	0
081	0	10	7.12308e+08	7.12343e+08	7.12643e+08	7.12734e+08	1	0
082	0	50	7.30205e+08	7.30244e+08	7.30544e+08	7.3066e+08	0	0
083	1	50	7.3724e+08	7.37277e+08	7.37578e+08	7.37587e+08	0	0
084	1	50	7.48709e+08	7.48749e+08	7.4905e+08	7.49138e+08	0	0
085	1	50	7.57757e+08	7.57797e+08	7.58097e+08	7.58125e+08	0	0
086	0	10	7.64303e+08	7.64345e+08	7.64645e+08	7.64654e+08	1	0
087	0	50	7.75045e+08	7.75084e+08	7.75384e+08	7.75425e+08	0	0
088	1	50	7.81056e+08	7.81101e+08	7.81401e+08	7.81409e+08	0	0
089	1	50	7.86695e+08	7.86727e+08	7.87027e+08	7.87051e+08	0	0
090	1	50	7.91572e+08	7.91611e+08	7.91911e+08	7.92007e+08	0	0
091	0	50	8.09913e+08	8.09953e+08	8.10254e+08	8.10289e+08	0	0
092	0	10	8.17108e+08	8.17149e+08	8.17449e+08	8.17643e+08	0	1
093	0	50	8.22175e+08	8.22219e+08	8.2252e+08	8.24847e+08	1	1
094	0	10	8.29231e+08	8.29274e+08	8.29575e+08	8.30426e+08	1	0
095	0	50	8.33911e+08	8.33949e+08	8.34249e+08	8.3427e+08	0	0
096	1	50	8.60246e+08	8.60286e+08	8.60586e+08	8.60599e+08	0	0
097	1	50	8.65111e+08	8.6515e+08	8.6545e+08	8.65458e+08	0	0
098	1	50	8.70899e+08	8.70937e+08	8.71238e+08	8.71245e+08	0	0
099	0	50	8.75765e+08	8.75804e+08	8.76104e+08	8.79224e+08	0	0
100	0	50	8.84936e+08	8.84971e+08	8.85272e+08	8.8581e+08	0	0
101	0	10	8.99689e+08	8.99733e+08	9.00033e+08	9.00574e+08	1	0
102	0	50	9.04893e+08	9.04929e+08	9.05229e+08	9.05394e+08	0	0
103	1	50	9.10747e+08	9.1079e+08	9.1109e+08	9.11203e+08	0	0
104	1	50	9.16606e+08	9.16656e+08	9.16956e+08	9.19077e+08	0	0
105	1	50	9.23603e+08	9.23651e+08	9.23951e+08	9.26568e+08	1	1
106	0	10	9.32538e+08	9.32575e+08	9.32875e+08	9.32885e+08	1	0
107	0	10	9.34919e+08	9.34962e+08	9.35263e+08	9.35272e+08	0	1
108	1	10	9.4076e+08	9.40802e+08	9.41102e+08	9.41117e+08	1	0
109	0	10	9.49423e+08	9.49461e+08	9.49761e+08	9.49765e+08	1	0
110	0	10	9.53344e+08	9.53376e+08	9.53676e+08	9.53709e+08	1	0
111	0	10	9.64206e+08	9.64245e+08	9.64545e+08	9.64584e+08	1	0
112	0	50	9.68033e+08	9.6808e+08	9.6838e+08	9.68527e+08	0	0
113	1	50	9.74558e+08	9.746e+08	9.749e+08	9.76577e+08	0	0
114	1	50	9.82158e+08	9.82194e+08	9.82494e+08	9.82635e+08	1	1
115	0	10	9.88871e+08	9.88907e+08	9.89208e+08	9.89479e+08	1	0
116	0	10	9.95821e+08	9.95864e+08	9.96164e+08	9.96258e+08	1	0
117	0	10	1.00376e+09	1.00381e+09	1.00411e+09	1.00412e+09	1	0
118	0	10	1.00607e+09	1.00611e+09	1.00641e+09	1.00644e+09	1	0
119	0	50	1.01276e+09	1.0128e+09	1.0131e+09	1.01312e+09	0	0
120	1	50	1.0244e+09	1.02444e+09	1.02474e+09	1.02534e+09	1	1
121	0	10	1.03179e+09	1.03182e+09	1.03213e+09	1.03241e+09	1	0
122	0	50	1.03948e+09	1.03952e+09	1.03982e+09	1.0399e+09	0	0
123	1	50	1.04443e+09	1.04448e+09	1.04478e+09	1.0448e+09	0	0
124	1	50	1.04932e+09	1.04936e+09	1.04966e+09	1.04967e+09	1	1
125	0	10	1.05795e+09	1.05799e+09	1.05829e+09	1.06115e+09	1	0
126	0	50	1.07009e+09	1.07013e+09	1.07043e+09	1.07045e+09	0	0
127	1	50	1.07496e+09	1.075e+09	1.0753e+09	1.07531e+09	0	0
128	1	50	1.08475e+09	1.08479e+09	1.08509e+09	1.08863e+09	1	1
129	0	50	1.09569e+09	1.09574e+09	1.09604e+09	1.09613e+09	1	1
130	0	50	1.10273e+09	1.10276e+09	1.10306e+09	1.1031e+09	0	0
131	1	50	1.1106e+09	1.11064e+09	1.11094e+09	1.11103e+09	0	0
132	1	50	1.11657e+09	1.11662e+09	1.11692e+09	1.11806e+09	1	1
133	0	50	1.11981e+09	1.11986e+09	1.12016e+09	1.12017e+09	0	0
134	1	50	1.12469e+09	1.12473e+09	1.12503e+09	1.12925e+09	1	1
135	0	10	1.13584e+09	1.13588e+09	1.13618e+09	1.13623e+09	0	1
136	1	10	1.14319e+09	1.14322e+09	1.14352e+09	1.14444e+09	1	0
137	0	50	1.14631e+09	1.14636e+09	1.14666e+09	1.14667e+09	1	1
138	0	10	1.15101e+09	1.15104e+09	1.15134e+09	1.15151e+09	1	0
139	0	10	1.16373e+09	1.16377e+09	1.16407e+09	1.17255e+09	1	0
140	0	10	1.17445e+09	1.17448e+09	1.17478e+09	1.1748e+09	1	0
141	0	50	1.18245e+09	1.1825e+09	1.1828e+09	1.18281e+09	0	0
142	1	50	1.18735e+09	1.18739e+09	1.18769e+09	1.1877e+09	0	0
143	1	50	1.19556e+09	1.1956e+09	1.1959e+09	1.19593e+09	1	1
144	0	10	1.20382e+09	1.20385e+09	1.20415e+09	1.20433e+09	1	0
145	0	10	1.21355e+09	1.21359e+09	1.21389e+09	1.21391e+09	0	1
146	1	10	1.22083e+09	1.22087e+09	1.22117e+09	1.22122e+09	1	0
147	0	50	1.23129e+09	1.23133e+09	1.23163e+09	1.23184e+09	0	0
148	1	50	1.25337e+09	1.25341e+09	1.25371e+09	1.25372e+09	0	0
149	1	50	1.25855e+09	1.2586e+09	1.2589e+09	1.25893e+09	1	1
150	0	50	1.26801e+09	1.26805e+09	1.26835e+09	1.26838e+09	1	1
151	0	10	1.29111e+09	1.29115e+09	1.29145e+09	1.29146e+09	0	1
152	1	10	1.30133e+09	1.30136e+09	1.30166e+09	1.30167e+09	0	1
153	1	10	1.31026e+09	1.31031e+09	1.31061e+09	1.31062e+09	1	0
154	0	50	1.32335e+09	1.3234e+09	1.3237e+09	1.32373e+09	1	1
155	0	10	1.33475e+09	1.33479e+09	1.33509e+09	1.33518e+09	1	0
156	0	10	1.34188e+09	1.34192e+09	1.34222e+09	1.34227e+09	1	0
157	0	10	1.348e+09	1.34804e+09	1.34834e+09	1.34844e+09	1	0
158	0	10	1.36347e+09	1.36352e+09	1.36382e+09	1.36385e+09	0	1
159	1	10	1.36951e+09	1.36955e+09	1.36985e+09	1.36991e+09	0	1
160	1	10	1.37599e+09	1.37602e+09	1.37632e+09	1.37635e+09	0	1
161	1	10	1.3839e+09	1.38395e+09	1.38425e+09	1.38426e+09	1	0
162	0	50	1.39407e+09	1.39411e+09	1.39441e+09	1.39448e+09	0	0
163	1	50	1.39906e+09	1.39909e+09	1.39939e+09	1.39948e+09	1	1
164	0	50	1.41424e+09	1.41428e+09	1.41458e+09	1.41462e+09	1	1
165	0	10	1.42312e+09	1.42316e+09	1.42346e+09	1.42348e+09	0	1
166	1	10	1.43042e+09	1.43046e+09	1.43076e+09	1.43082e+09	1	0
167	0	10	1.43937e+09	1.43941e+09	1.43971e+09	1.43976e+09	1	0
168	0	10	1.45336e+09	1.4534e+09	1.4537e+09	1.45371e+09	1	0
169	0	50	1.46447e+09	1.46451e+09	1.46481e+09	1.46483e+09	0	0
170	1	50	1.47198e+09	1.47202e+09	1.47232e+09	1.47259e+09	0	0
171	1	50	1.4771e+09	1.47715e+09	1.47745e+09	1.47769e+09	0	0
172	1	50	1.48227e+09	1.4823e+09	1.4826e+09	1.48264e+09	1	1
173	0	50	1.49141e+09	1.49146e+09	1.49176e+09	1.4919e+09	0	0
174	1	50	1.49643e+09	1.49648e+09	1.49678e+09	1.49679e+09	0	0
175	1	50	1.50159e+09	1.50162e+09	1.50192e+09	1.50194e+09	1	1
176	0	10	1.5225e+09	1.52254e+09	1.52284e+09	1.5229e+09	1	0
177	0	10	1.52495e+09	1.52499e+09	1.52536e+09	1.52537e+09	0	1
178	1	10	1.53538e+09	1.53541e+09	1.53571e+09	1.53572e+09	0	1
179	1	10	1.54148e+09	1.54153e+09	1.54183e+09	1.54193e+09	1	0
180	0	50	1.55974e+09	1.55978e+09	1.56008e+09	1.56011e+09	1	1
181	0	50	1.5635e+09	1.56353e+09	1.56383e+09	1.56394e+09	0	0
182	1	50	1.56994e+09	1.56998e+09	1.57028e+09	1.57031e+09	1	1
183	0	10	1.5749e+09	1.57494e+09	1.57524e+09	1.57527e+09	0	1
184	1	10	1.59373e+09	1.59376e+09	1.59406e+09	1.59408e+09	0	1
185	1	10	1.59945e+09	1.59949e+09	1.59979e+09	1.59989e+09	1	0
186	0	10	1.60194e+09	1.60198e+09	1.60228e+09	1.60229e+09	0	1
187	1	10	1.60809e+09	1.60813e+09	1.60843e+09	1.6087e+09	1	0
188	0	50	1.61055e+09	1.61058e+09	1.61088e+09	1.61099e+09	0	0
189	1	50	1.63198e+09	1.63202e+09	1.63232e+09	1.63234e+09	1	1
190	0	10	1.63417e+09	1.63421e+09	1.63451e+09	1.63462e+09	1	0
191	0	10	1.63651e+09	1.63655e+09	1.63685e+09	1.63694e+09	1	0
192	0	50	1.66633e+09	1.66637e+09	1.66667e+09	1.66678e+09	0	0
193	1	50	1.67136e+09	1.67141e+09	1.67171e+09	1.67173e+09	1	1
194	0	10	1.68543e+09	1.68547e+09	1.68577e+09	1.68577e+09	0	1
195	1	10	1.69322e+09	1.69326e+09	1.69356e+09	1.69366e+09	1	0
196	0	10	1.70239e+09	1.70243e+09	1.70273e+09	1.70275e+09	0	1
197	1	10	1.70761e+09	1.70765e+09	1.70795e+09	1.70807e+09	1	0
198	0	10	1.7166e+09	1.71665e+09	1.71695e+09	1.71698e+09	0	1
199	1	10	1.72294e+09	1.72298e+09	1.72328e+09	1.72357e+09	0	1
200	1	10	1.73035e+09	1.73039e+09	1.73069e+09	1.73073e+09	1	0
201	0	50	1.74003e+09	1.74008e+09	1.74038e+09	1.74045e+09	0	0
202	1	50	1.74498e+09	1.74503e+09	1.74533e+09	1.74548e+09	0	0
203	1	50	1.75035e+09	1.75039e+09	1.75069e+09	1.75076e+09	0	0
204	1	50	1.75529e+09	1.75533e+09	1.75563e+09	1.7558e+09	0	0
205	0	50	1.76527e+09	1.7653e+09	1.7656e+09	1.7656e+09	0	0
206	0	50	1.77059e+09	1.77062e+09	1.77092e+09	1.77106e+09	0	0
207	0	10	1.77739e+09	1.77742e+09	1.77772e+09	1.77773e+09	0	1
208	0	50	1.78225e+09	1.78229e+09	1.78259e+09	1.7826e+09	1	1
209	0	10	1.79262e+09	1.79267e+09	1.79297e+09	1.793e+09	1	0
210	0	10	1.79923e+09	1.79927e+09	1.79957e+09	1.7997e+09	1	0
211	0	10	1.81249e+09	1.81253e+09	1.81283e+09	1.81285e+09	1	0
212	0	10	1.82262e+09	1.82266e+09	1.82296e+09	1.823e+09	1	0
213	0	10	1.83941e+09	1.83945e+09	1.83975e+09	1.83981e+09	0	1
214	1	10	1.84502e+09	1.84506e+09	1.84536e+09	1.84539e+09	0	1
215	1	10	1.8515e+09	1.85153e+09	1.85183e+09	1.85199e+09	0	1
216	1	10	1.85651e+09	1.85654e+09	1.85685e+09	1.8571e+09	1	0
217	0	50	1.8603e+09	1.86034e+09	1.86064e+09	1.8607e+09	1	1
218	0	10	1.87316e+09	1.8732e+09	1.8735e+09	1.87355e+09	0	1
219	1	10	1.87943e+09	1.87947e+09	1.87977e+09	1.87978e+09	0	1
220	1	10	1.88946e+09	1.88951e+09	1.88981e+09	1.88982e+09	0	1
221	1	10	1.89677e+09	1.89681e+09	1.89712e+09	1.89715e+09	1	0
222	0	50	1.90764e+09	1.90768e+09	1.90798e+09	1.90808e+09	0	0
223	1	50	1.9126e+09	1.91263e+09	1.91293e+09	1.91295e+09	1	1
224	0	50	1.92539e+09	1.92543e+09	1.92573e+09	1.92574e+09	1	1
225	0	50	1.93748e+09	1.93751e+09	1.93781e+09	1.93782e+09	1	1
226	0	10	1.9466e+09	1.94664e+09	1.94694e+09	1.94707e+09	1	0
227	0	50	1.9636e+09	1.96365e+09	1.96395e+09	1.96396e+09	1	1
228	0	10	1.9686e+09	1.96865e+09	1.96895e+09	1.96906e+09	1	0
229	0	50	1.98148e+09	1.98151e+09	1.98181e+09	1.98196e+09	0	0
230	1	50	1.98771e+09	1.98775e+09	1.98806e+09	1.98807e+09	1	1
231	0	50	1.99643e+09	1.99647e+09	1.99677e+09	1.9969e+09	0	0
232	1	50	2.00167e+09	2.00171e+09	2.00201e+09	2.00215e+09	0	0
233	1	50	2.00705e+09	2.00708e+09	2.00738e+09	2.01162e+09	0	0
234	1	50	2.019e+09	2.01903e+09	2.01933e+09	2.01936e+09	0	0
235	0	10	2.02426e+09	2.0243e+09	2.0246e+09	2.0246e+09	1	0
236	0	10	2.03569e+09	2.03572e+09	2.03602e+09	2.03609e+09	0	1
237	1	10	2.0413e+09	2.04133e+09	2.04163e+09	2.04169e+09	0	1
238	1	10	2.04621e+09	2.04625e+09	2.04655e+09	2.04658e+09	1	0
239	0	50	2.05227e+09	2.05231e+09	2.05261e+09	2.05266e+09	0	0
240	1	50	2.06129e+09	2.06134e+09	2.06164e+09	2.06166e+09	1	1
241	0	50	2.06756e+09	2.0676e+09	2.0679e+09	2.06791e+09	1	1
242	0	50	2.07116e+09	2.07121e+09	2.07151e+09	2.07159e+09	0	0
243	1	50	2.07678e+09	2.07683e+09	2.07713e+09	2.0772e+09	0	0
244	1	50	2.08218e+09	2.08223e+09	2.08253e+09	2.08255e+09	1	1
245	0	50	2.08908e+09	2.08911e+09	2.08941e+09	2.08948e+09	0	0
246	1	50	2.09482e+09	2.09486e+09	2.09516e+09	2.09525e+09	0	0
247	1	50	2.10095e+09	2.10099e+09	2.10129e+09	2.10132e+09	1	1
248	0	10	2.11441e+09	2.11445e+09	2.11475e+09	2.11479e+09	1	0
249	0	50	2.12253e+09	2.12257e+09	2.12287e+09	2.12296e+09	0	0
250	1	50	2.13116e+09	2.13119e+09	2.13149e+09	2.1315e+09	0	0
251	1	50	2.13602e+09	2.13606e+09	2.13636e+09	2.13637e+09	0	0
252	1	50	2.1409e+09	2.14093e+09	2.14123e+09	2.14124e+09	0	0
253	0	10	2.14578e+09	2.14582e+09	2.14612e+09	2.14613e+09	0	1
254	0	10	2.15065e+09	2.15069e+09	2.15099e+09	2.15104e+09	0	1
255	0	10	2.15555e+09	2.15559e+09	2.15589e+09	2.15591e+09	1	0
256	0	10	2.16321e+09	2.16324e+09	2.16354e+09	2.16362e+09	1	0
257	0	50	2.17449e+09	2.17453e+09	2.17483e+09	2.17486e+09	1	1
258	0	50	2.18486e+09	2.1849e+09	2.1852e+09	2.18527e+09	0	0
259	1	50	2.18978e+09	2.18982e+09	2.19012e+09	2.19023e+09	0	0
260	1	50	2.19688e+09	2.19693e+09	2.19723e+09	2.19723e+09	0	0
261	1	50	2.20175e+09	2.2018e+09	2.2021e+09	2.20221e+09	0	0
262	0	10	2.20674e+09	2.20679e+09	2.20709e+09	2.20711e+09	1	0
263	0	10	2.21613e+09	2.21617e+09	2.21647e+09	2.21652e+09	1	0
264	0	50	2.22336e+09	2.22341e+09	2.22371e+09	2.22372e+09	1	1
265	0	50	2.22549e+09	2.22553e+09	2.22583e+09	2.22584e+09	1	1
266	0	10	2.23644e+09	2.23648e+09	2.23678e+09	2.23679e+09	0	1
267	1	10	2.24132e+09	2.24135e+09	2.24165e+09	2.24172e+09	1	0
268	0	50	2.24736e+09	2.24739e+09	2.24769e+09	2.24772e+09	1	1
269	0	10	2.26333e+09	2.26337e+09	2.26367e+09	2.2637e+09	0	1
270	1	10	2.26822e+09	2.26825e+09	2.26855e+09	2.26857e+09	1	0
271	0	50	2.27955e+09	2.27958e+09	2.27989e+09	2.27989e+09	0	0
272	1	50	2.28554e+09	2.28559e+09	2.28589e+09	2.28609e+09	0	0
273	1	50	2.29061e+09	2.29065e+09	2.29095e+09	2.29101e+09	0	0
274	1	50	2.29793e+09	2.29797e+09	2.29827e+09	2.29828e+09	0	0
275	0	10	2.3028e+09	2.30284e+09	2.30314e+09	2.30315e+09	1	0
276	0	50	2.30476e+09	2.3048e+09	2.3051e+09	2.30522e+09	0	0
277	1	50	2.31018e+09	2.31022e+09	2.31052e+09	2.3123e+09	1	1
278	0	50	2.31596e+09	2.316e+09	2.3163e+09	2.3163e+09	0	0
279	1	50	2.3216e+09	2.32164e+09	2.32194e+09	2.32196e+09	0	0
280	1	50	2.3289e+09	2.32894e+09	2.32924e+09	2.32929e+09	0	0
281	1	50	2.3338e+09	2.33384e+09	2.33414e+09	2.33415e+09	1	1
282	0	50	2.33884e+09	2.33889e+09	2.33919e+09	2.33927e+09	1	1
283	0	50	2.3439e+09	2.34395e+09	2.34425e+09	2.34428e+09	1	1
284	0	10	2.34814e+09	2.34818e+09	2.34848e+09	2.34857e+09	1	0
285	0	50	2.35387e+09	2.35392e+09	2.35422e+09	2.35423e+09	0	0
286	1	50	2.35875e+09	2.35879e+09	2.35909e+09	2.35909e+09	0	0
287	1	50	2.36362e+09	2.36366e+09	2.36396e+09	2.36396e+09	0	0
288	1	50	2.36848e+09	2.36852e+09	2.36882e+09	2.36883e+09	0	0
289	0	50	2.3743e+09	2.37434e+09	2.37464e+09	2.37469e+09	0	0
290	0	10	2.37921e+09	2.37925e+09	2.37955e+09	2.37967e+09	1	0
291	0	10	2.387e+09	2.38703e+09	2.38733e+09	2.38756e+09	1	0
292	0	10	2.3895e+09	2.38954e+09	2.38984e+09	2.39e+09	1	0
293	0	50	2.3994e+09	2.39945e+09	2.39975e+09	2.39985e+09	0	0
294	1	50	2.40514e+09	2.40518e+09	2.40548e+09	2.40549e+09	1	1
295	0	50	2.4107e+09	2.41073e+09	2.41103e+09	2.41104e+09	0	0
296	1	50	2.41556e+09	2.4156e+09	2.4159e+09	2.41599e+09	1	1
297	0	50	2.41775e+09	2.41778e+09	2.41808e+09	2.41817e+09	0	0
298	1	50	2.42542e+09	2.42545e+09	2.42575e+09	2.42587e+09	0	0
299	1	50	2.43069e+09	2.43073e+09	2.43103e+09	2.43104e+09	1	1
300	0	50	2.43289e+09	2.43293e+09	2.43323e+09	2.43333e+09	0	0
301	1	50	2.43786e+09	2.43791e+09	2.43821e+09	2.43844e+09	0	0
302	1	50	2.44298e+09	2.44302e+09	2.44332e+09	2.44341e+09	1	1
303	0	50	2.44682e+09	2.44685e+09	2.44715e+09	2.44717e+09	1	1
304	0	50	2.45358e+09	2.45362e+09	2.45392e+09	2.45396e+09	0	0
305	1	50	2.45981e+09	2.45984e+09	2.46014e+09	2.46015e+09	1	1
306	0	50	2.47162e+09	2.47167e+09	2.47197e+09	2.47212e+09	0	0
307	1	50	2.47691e+09	2.47695e+09	2.47725e+09	2.47726e+09	1	1
308	0	50	2.48912e+09	2.48916e+09	2.48946e+09	2.48952e+09	1	1
309	0	10	2.49742e+09	2.49745e+09	2.49775e+09	2.4979e+09	1	0
310	0	10	2.50912e+09	2.50915e+09	2.50945e+09	2.50947e+09	0	1
311	1	10	2.51663e+09	2.51666e+09	2.51696e+09	2.51767e+09	1	0
312	0	50	2.5198e+09	2.51984e+09	2.52014e+09	2.52095e+09	1	1
313	0	10	2.52259e+09	2.52263e+09	2.52293e+09	2.52295e+09	1	0
314	0	50	2.5274e+09	2.52744e+09	2.52774e+09	2.52779e+09	0	0
315	1	50	2.53283e+09	2.53287e+09	2.53317e+09	2.5332e+09	0	0
316	1	50	2.53813e+09	2.53816e+09	2.53846e+09	2.53847e+09	0	0
317	1	50	2.54384e+09	2.54387e+09	2.54417e+09	2.54419e+09	0	0
318	0	50	2.55039e+09	2.55044e+09	2.55074e+09	2.55079e+09	0	0
319	0	50	2.55533e+09	2.55537e+09	2.55567e+09	2.55568e+09	0	0
320	0	50	2.5602e+09	2.56024e+09	2.56054e+09	2.56055e+09	0	0
321	0	10	2.56506e+09	2.5651e+09	2.5654e+09	2.5654e+09	1	0
322	0	10	2.56898e+09	2.56902e+09	2.56932e+09	2.56933e+09	1	0
323	0	10	2.57739e+09	2.57742e+09	2.57772e+09	2.57779e+09	0	1
324	1	10	2.58384e+09	2.58387e+09	2.58417e+09	2.58418e+09	1	0
325	0	10	2.58979e+09	2.58983e+09	2.59013e+09	2.59015e+09	1	0
326	0	10	2.59464e+09	2.59468e+09	2.59498e+09	2.595e+09	1	0
327	0	10	2.60037e+09	2.60041e+09	2.60071e+09	2.6008e+09	0	1
328	1	10	2.60564e+09	2.60567e+09	2.60597e+09	2.60602e+09	1	0
329	0	10	2.60778e+09	2.60782e+09	2.60812e+09	2.60813e+09	1	0
330	0	10	2.61673e+09	2.61677e+09	2.61707e+09	2.61713e+09	1	0
331	0	50	2.61903e+09	2.61907e+09	2.61937e+09	2.61938e+09	0	0
332	1	50	2.62548e+09	2.62552e+09	2.62582e+09	2.62584e+09	0	0
333	1	50	2.63115e+09	2.63118e+09	2.63148e+09	2.63164e+09	0	0
334	1	50	2.63615e+09	2.63619e+09	2.63649e+09	2.6365e+09	0	0
335	0	10	2.64545e+09	2.64548e+09	2.64578e+09	2.64582e+09	1	0
336	0	50	2.64951e+09	2.64955e+09	2.64985e+09	2.64992e+09	0	0
337	1	50	2.65564e+09	2.65567e+09	2.65597e+09	2.65605e+09	1	1
338	0	10	2.66876e+09	2.66879e+09	2.66909e+09	2.66919e+09	1	0
339	0	50	2.6795e+09	2.67953e+09	2.67983e+09	2.67988e+09	1	1
340	0	10	2.68435e+09	2.6844e+09	2.6847e+09	2.68471e+09	0	1
341	1	10	2.68923e+09	2.68927e+09	2.68957e+09	2.68966e+09	1	0
342	0	10	2.69155e+09	2.6916e+09	2.6919e+09	2.69191e+09	1	0
343	0	50	2.69736e+09	2.6974e+09	2.6977e+09	2.69771e+09	1	1
344	0	50	2.70256e+09	2.7026e+09	2.7029e+09	2.703e+09	0	0
345	1	50	2.71005e+09	2.7101e+09	2.7104e+09	2.7104e+09	0	0
346	1	50	2.71529e+09	2.71532e+09	2.71562e+09	2.71563e+09	1	1
347	0	50	2.72046e+09	2.72051e+09	2.72081e+09	2.72084e+09	0	0
348	1	50	2.72536e+09	2.7254e+09	2.7257e+09	2.72572e+09	0	0
349	1	50	2.73174e+09	2.73177e+09	2.73207e+09	2.7321e+09	0	0
350	1	50	2.73662e+09	2.73666e+09	2.73696e+09	2.73698e+09	1	1
351	0	50	2.74028e+09	2.74032e+09	2.74062e+09	2.74062e+09	0	0
352	1	50	2.74514e+09	2.74518e+09	2.74548e+09	2.74549e+09	0	0
353	1	50	2.75001e+09	2.75005e+09	2.75035e+09	2.75036e+09	0	0
354	1	50	2.75487e+09	2.75491e+09	2.75521e+09	2.75522e+09	1	1
355	0	10	2.7646e+09	2.76465e+09	2.76495e+09	2.76507e+09	0	1
356	1	10	2.77028e+09	2.77031e+09	2.77061e+09	2.77062e+09	0	1
357	1	10	2.77514e+09	2.77518e+09	2.77548e+09	2.77557e+09	1	0
358	0	50	2.78088e+09	2.78091e+09	2.78121e+09	2.78124e+09	0	0
359	1	50	2.78672e+09	2.78676e+09	2.78706e+09	2.78708e+09	1	1
360	0	50	2.79048e+09	2.79052e+09	2.79082e+09	2.79083e+09	1	1
361	0	10	2.80124e+09	2.80127e+09	2.80157e+09	2.8016e+09	0	1
362	1	10	2.80612e+09	2.80616e+09	2.80646e+09	2.80647e+09	1	0
363	0	10	2.8106e+09	2.81064e+09	2.81094e+09	2.81102e+09	1	0
364	0	10	2.82635e+09	2.82639e+09	2.82669e+09	2.82675e+09	0	1
365	1	10	2.83224e+09	2.83227e+09	2.83257e+09	2.83268e+09	1	0
366	0	50	2.83884e+09	2.83887e+09	2.83917e+09	2.83934e+09	0	0
367	1	50	2.84385e+09	2.84389e+09	2.84419e+09	2.8442e+09	1	1
368	0	10	2.84601e+09	2.84605e+09	2.84635e+09	2.84635e+09	0	1
369	1	10	2.85087e+09	2.85092e+09	2.85122e+09	2.85128e+09	0	1
370	1	10	2.85752e+09	2.85756e+09	2.85786e+09	2.85786e+09	1	0
371	0	10	2.85963e+09	2.85967e+09	2.85997e+09	2.86015e+09	1	0
372	0	10	2.87217e+09	2.87221e+09	2.87251e+09	2.87252e+09	0	1
373	1	10	2.87759e+09	2.87764e+09	2.87794e+09	2.878e+09	0	1
374	1	10	2.88379e+09	2.88383e+09	2.88413e+09	2.8843e+09	1	0
375	0	50	2.88626e+09	2.8863e+09	2.8866e+09	2.88677e+09	0	0
376	1	50	2.89219e+09	2.89223e+09	2.89253e+09	2.89256e+09	0	0
377	1	50	2.89708e+09	2.89712e+09	2.89742e+09	2.89744e+09	1	1
378	0	10	2.9039e+09	2.90394e+09	2.90424e+09	2.90432e+09	0	1
379	1	10	2.90883e+09	2.90887e+09	2.90917e+09	2.90919e+09	1	0
380	0	10	2.91544e+09	2.91548e+09	2.91578e+09	2.9158e+09	0	1
381	1	10	2.92357e+09	2.9236e+09	2.9239e+09	2.92392e+09	1	0
382	0	10	2.92553e+09	2.92558e+09	2.92588e+09	2.9259e+09	1	0
383	0	10	2.93397e+09	2.93402e+09	2.93432e+09	2.93433e+09	1	0
384	0	10	2.94356e+09	2.9436e+09	2.9439e+09	2.94393e+09	0	1
385	1	10	2.94845e+09	2.94849e+09	2.94879e+09	2.94883e+09	1	0
386	0	10	2.9523e+09	2.95235e+09	2.95265e+09	2.95275e+09	1	0
387	0	50	2.95944e+09	2.95949e+09	2.95979e+09	2.95979e+09	0	0
388	1	50	2.96511e+09	2.96515e+09	2.96545e+09	2.96546e+09	0	0
389	1	50	2.97143e+09	2.97147e+09	2.97178e+09	2.97181e+09	0	0
390	1	50	2.97633e+09	2.97637e+09	2.97667e+09	2.97668e+09	0	0
391	0	50	2.9812e+09	2.98125e+09	2.98155e+09	2.98157e+09	0	0
392	0	50	2.98892e+09	2.98895e+09	2.98925e+09	2.98926e+09	0	0
393	0	10	2.99378e+09	2.99382e+09	2.99412e+09	2.99784e+09	0	1
394	0	10	3.00236e+09	3.0024e+09	3.0027e+09	3.00273e+09	1	0
395	0	10	3.00436e+09	3.0044e+09	3.0047e+09	3.00474e+09	1	0
396	0	50	3.00637e+09	3.00641e+09	3.00671e+09	3.00672e+09	1	1
397	0	10	3.01158e+09	3.01162e+09	3.01192e+09	3.01193e+09	1	0
398	0	50	3.01375e+09	3.01378e+09	3.01408e+09	3.01409e+09	0	0
399	1	50	3.01861e+09	3.01865e+09	3.01895e+09	3.01895e+09	0	0
400	1	50	3.02611e+09	3.02615e+09	3.02645e+09	3.03287e+09	1	1
401	0	10	3.03654e+09	3.03658e+09	3.03688e+09	3.03696e+09	1	0
402	0	10	3.0387e+09	3.03874e+09	3.03904e+09	3.03905e+09	0	1
403	1	10	3.04356e+09	3.0436e+09	3.0439e+09	3.04391e+09	1	0
404	0	10	3.04734e+09	3.04738e+09	3.04768e+09	3.04772e+09	1	0
405	0	50	3.05698e+09	3.05702e+09	3.05732e+09	3.05732e+09	0	0
406	1	50	3.06184e+09	3.06189e+09	3.06219e+09	3.06227e+09	0	0
407	1	50	3.07078e+09	3.07081e+09	3.07111e+09	3.07114e+09	0	0
408	1	50	3.07566e+09	3.0757e+09	3.076e+09	3.076e+09	0	0
409	0	50	3.08052e+09	3.08056e+09	3.08086e+09	3.08088e+09	0	0
410	0	50	3.08541e+09	3.08544e+09	3.08574e+09	3.08582e+09	0	0
411	0	10	3.09204e+09	3.09209e+09	3.09239e+09	3.10097e+09	0	1
412	0	10	3.10607e+09	3.10612e+09	3.10642e+09	3.10644e+09	1	0
413	0	10	3.10815e+09	3.10819e+09	3.10849e+09	3.10851e+09	1	0
414	0	50	3.1103e+09	3.11034e+09	3.11064e+09	3.11064e+09	0	0
415	1	50	3.11587e+09	3.1159e+09	3.11621e+09	3.11622e+09	0	0
416	1	50	3.12073e+09	3.12077e+09	3.12107e+09	3.12107e+09	0	0
417	1	50	3.12841e+09	3.12844e+09	3.12874e+09	3.12885e+09	0	0
418	0	10	3.13337e+09	3.13341e+09	3.13371e+09	3.13377e+09	1	0
419	0	10	3.13742e+09	3.13746e+09	3.13776e+09	3.13777e+09	1	0
420	0	10	3.14366e+09	3.14371e+09	3.14401e+09	3.14403e+09	1	0
421	0	10	3.14579e+09	3.14583e+09	3.14613e+09	3.14615e+09	1	0
422	0	50	3.15176e+09	3.15179e+09	3.15209e+09	3.15215e+09	0	0
423	1	50	3.15668e+09	3.15672e+09	3.15702e+09	3.15703e+09	0	0
424	1	50	3.16155e+09	3.16159e+09	3.16189e+09	3.16193e+09	0	0
425	1	50	3.16645e+09	3.16649e+09	3.16679e+09	3.16679e+09	0	0
426	0	10	3.17131e+09	3.17135e+09	3.17165e+09	3.17166e+09	1	0
427	0	10	3.17342e+09	3.17346e+09	3.17376e+09	3.17383e+09	0	1
428	1	10	3.17836e+09	3.17841e+09	3.17871e+09	3.17872e+09	1	0
429	0	50	3.18053e+09	3.18057e+09	3.18087e+09	3.18094e+09	0	0
430	1	50	3.1894e+09	3.18943e+09	3.18973e+09	3.19714e+09	1	1
431	0	50	3.20119e+09	3.20122e+09	3.20152e+09	3.20157e+09	0	0
432	1	50	3.2061e+09	3.20614e+09	3.20644e+09	3.20649e+09	0	0
433	1	50	3.211e+09	3.21104e+09	3.21134e+09	3.21141e+09	0	0
434	1	50	3.21592e+09	3.21596e+09	3.21626e+09	3.21639e+09	0	0
435	0	50	3.2209e+09	3.22094e+09	3.22124e+09	3.22127e+09	0	0
436	0	50	3.22579e+09	3.22583e+09	3.22613e+09	3.22613e+09	0	0
437	0	10	3.23066e+09	3.23071e+09	3.23101e+09	3.23112e+09	1	0
438	0	50	3.23663e+09	3.23668e+09	3.23698e+09	3.23699e+09	0	0
439	1	50	3.2415e+09	3.24154e+09	3.24184e+09	3.24185e+09	0	0
440	1	50	3.24637e+09	3.24641e+09	3.24671e+09	3.24671e+09	0	0
441	1	50	3.25123e+09	3.25127e+09	3.25157e+09	3.25164e+09	0	0
442	0	10	3.25615e+09	3.25619e+09	3.25649e+09	3.25653e+09	0	1
443	0	10	3.26105e+09	3.26109e+09	3.26139e+09	3.2614e+09	1	0
444	0	10	3.26328e+09	3.26332e+09	3.26362e+09	3.26363e+09	0	1
445	1	10	3.26815e+09	3.26819e+09	3.26849e+09	3.26849e+09	1	0
446	0	10	3.27314e+09	3.27318e+09	3.27348e+09	3.27349e+09	1	0
447	0	10	3.27512e+09	3.27516e+09	3.27546e+09	3.27549e+09	0	1
448	1	10	3.28018e+09	3.28021e+09	3.28051e+09	3.29208e+09	0	1