
001	0	1	7.98312e+06	8.02425e+06	8.32583e+06	8.34095e+06	0	1
002	1	1	1.49678e+07	1.5006e+07	1.53062e+07	1.53158e+07	0	1
003	1	1	2.20191e+07	2.20558e+07	2.2356e+07	2.2369e+07	0	1
004	1	1	2.89065e+07	2.89521e+07	2.92523e+07	2.92689e+07	0	1
005	0	2	3.67104e+07	3.67425e+07	3.70427e+07	3.70718e+07	1	1
006	0	1	4.56254e+07	4.56672e+07	4.59674e+07	4.59814e+07	0	1
007	1	1	5.25005e+07	5.25395e+07	5.28397e+07	5.28566e+07	0	1
008	1	1	6.272e+07	6.27585e+07	6.30588e+07	6.31828e+07	1	0
009	0	1	7.83299e+07	7.83687e+07	7.86689e+07	7.8711e+07	0	1
010	1	1	8.73237e+07	8.73654e+07	8.76657e+07	8.77374e+07	1	0
011	0	1	9.40073e+07	9.40442e+07	9.43445e+07	9.43538e+07	0	1
012	1	1	1.03905e+08	1.03951e+08	1.04251e+08	1.04274e+08	0	1
013	1	1	1.12088e+08	1.12128e+08	1.12429e+08	1.12654e+08	1	0
014	0	1	1.15534e+08	1.15567e+08	1.15867e+08	1.15876e+08	0	1
015	1	1	1.22398e+08	1.22436e+08	1.22736e+08	1.22756e+08	0	1
016	1	1	1.29269e+08	1.29309e+08	1.29609e+08	1.29624e+08	1	0
017	0	2	1.33849e+08	1.33881e+08	1.34181e+08	1.34518e+08	0	0
018	1	2	1.41087e+08	1.4112e+08	1.4142e+08	1.41686e+08	0	0
019	1	2	1.48205e+08	1.48243e+08	1.48544e+08	1.48715e+08	0	0
020	1	2	1.55234e+08	1.55273e+08	1.55573e+08	1.55775e+08	0	0
021	0	1	1.63006e+08	1.6305e+08	1.63351e+08	1.63384e+08	1	0
022	0	2	1.67696e+08	1.67737e+08	1.68037e+08	1.68153e+08	0	0
023	1	2	1.74673e+08	1.74713e+08	1.75013e+08	1.75057e+08	1	1
024	0	1	1.79022e+08	1.79069e+08	1.79369e+08	1.79384e+08	1	0
025	0	1	1.82423e+08	1.82457e+08	1.82757e+08	1.82773e+08	1	0
026	0	2	1.90195e+08	1.90227e+08	1.90527e+08	1.90793e+08	0	0
027	1	2	1.97306e+08	1.97345e+08	1.97645e+08	1.97682e+08	0	0
028	1	2	2.06666e+08	2.06703e+08	2.07004e+08	2.07034e+08	1	1
029	0	1	2.11261e+08	2.11305e+08	2.11605e+08	2.11718e+08	1	0
030	0	1	2.13632e+08	2.1368e+08	2.1398e+08	2.13988e+08	1	0
031	0	1	2.33688e+08	2.33728e+08	2.34029e+08	2.3411e+08	0	1
032	1	1	2.40628e+08	2.40666e+08	2.40966e+08	2.41101e+08	0	1
033	1	1	2.48979e+08	2.49021e+08	2.49321e+08	2.53943e+08	0	1
034	1	1	2.66511e+08	2.66546e+08	2.66846e+08	2.66918e+08	1	0
035	0	2	2.70619e+08	2.70663e+08	2.70963e+08	2.71059e+08	1	1
036	0	2	2.77976e+08	2.78009e+08	2.78309e+08	2.78551e+08	0	0
037	1	2	2.86474e+08	2.86513e+08	2.86813e+08	2.86834e+08	1	1
038	0	1	2.93689e+08	2.93722e+08	2.94022e+08	2.9448e+08	1	0
039	0	2	2.96275e+08	2.96308e+08	2.96608e+08	2.96669e+08	1	1
040	0	1	2.99582e+08	2.9963e+08	2.99931e+08	3.0007e+08	0	1
041	1	1	3.08e+08	3.08045e+08	3.08346e+08	3.08432e+08	0	1
042	1	1	3.1556e+08	3.15606e+08	3.15907e+08	3.15932e+08	1	0
043	0	2	3.22027e+08	3.22066e+08	3.22366e+08	3.22378e+08	1	1
044	0	2	3.30392e+08	3.30437e+08	3.30737e+08	3.30759e+08	1	1
045	0	1	3.3633e+08	3.36369e+08	3.36669e+08	3.36701e+08	0	1
046	1	1	3.43232e+08	3.43278e+08	3.43579e+08	3.43615e+08	0	1
047	1	1	3.50147e+08	3.50192e+08	3.50492e+08	3.50856e+08	1	0
048	0	1	3.55141e+08	3.55187e+08	3.55487e+08	3.55509e+08	0	1
049	1	1	3.63933e+08	3.6397e+08	3.6427e+08	3.64291e+08	0	1
050	1	1	3.72636e+08	3.72672e+08	3.72972e+08	3.7299e+08	1	0
051	0	1	3.77376e+08	3.77409e+08	3.77709e+08	3.77733e+08	1	0
052	0	1	3.85511e+08	3.85554e+08	3.85855e+08	3.85872e+08	0	1
053	1	1	3.94263e+08	3.94304e+08	3.94605e+08	3.94638e+08	1	0
054	0	2	3.989e+08	3.98939e+08	3.99239e+08	3.9927e+08	1	1
055	0	1	4.05915e+08	4.05955e+08	4.06255e+08	4.06278e+08	1	0
056	0	2	4.10454e+08	4.10499e+08	4.10799e+08	4.11007e+08	0	0
057	1	2	4.27536e+08	4.27584e+08	4.27884e+08	4.27905e+08	1	1
058	0	1	4.37001e+08	4.37042e+08	4.37342e+08	4.37366e+08	0	1
059	1	1	4.49272e+08	4.49313e+08	4.49614e+08	4.49951e+08	1	0
060	0	2	4.55047e+08	4.55085e+08	4.55385e+08	4.55786e+08	0	0
061	1	2	4.62305e+08	4.62344e+08	4.62644e+08	4.62667e+08	1	1
062	0	2	4.7348e+08	4.73513e+08	4.73814e+08	4.739e+08	1	1
063	0	1	4.8217e+08	4.82205e+08	4.82505e+08	4.82783e+08	0	1
064	1	1	4.89314e+08	4.89358e+08	4.89659e+08	4.89764e+08	0	1
065	1	1	4.98242e+08	4.98278e+08	4.98578e+08	4.98619e+08	0	1
066	1	1	5.0543e+08	5.05478e+08	5.05779e+08	5.05792e+08	0	1
067	0	2	5.13508e+08	5.1355e+08	5.13851e+08	5.13871e+08	1	1
068	0	2	5.2588e+08	5.25926e+08	5.26226e+08	5.26374e+08	1	1
069	0	2	5.31543e+08	5.31577e+08	5.31877e+08	5.32137e+08	0	0
070	1	2	5.38862e+08	5.38898e+08	5.39198e+08	5.39214e+08	1	1
071	0	2	5.41081e+08	5.41113e+08	5.41413e+08	5.41443e+08	0	0
072	1	2	5.49742e+08	5.49787e+08	5.50087e+08	5.50221e+08	1	1
073	0	2	5.57256e+08	5.57304e+08	5.57604e+08	5.57888e+08	0	0
074	1	2	5.65589e+08	5.6563e+08	5.65931e+08	5.67788e+08	1	1
075	0	2	5.69625e+08	5.69666e+08	5.69966e+08	5.69979e+08	1	1
076	0	1	5.75273e+08	5.75314e+08	5.75615e+08	5.75706e+08	0	1
077	1	1	5.83045e+08	5.83082e+08	5.83382e+08	5.83411e+08	1	0
078	0	1	5.9218e+08	5.92222e+08	5.92522e+08	5.92542e+08	0	1
079	1	1	5.99758e+08	5.99798e+08	6.00099e+08	6.0023e+08	0	1
080	1	1	6.12707e+08	6.12754e+08	6.13055e+08	6.13202e+08	1	0
081	0	1	6.14866e+08	6.14904e+08	6.15204e+08	6.15221e+08	1	0
082	0	2	6.26369e+08	6.26411e+08	6.26711e+08	6.26769e+08	1	1
083	0	1	6.36684e+08	6.36734e+08	6.37034e+08	6.37046e+08	1	0
084	0	1	6.48358e+08	6.48398e+08	6.48699e+08	6.48732e+08	0	1
085	1	1	6.55524e+08	6.55571e+08	6.55871e+08	6.56202e+08	1	0
086	0	2	6.63716e+08	6.63748e+08	6.64049e+08	6.64062e+08	0	0
087	1	2	6.72797e+08	6.72837e+08	6.73137e+08	6.73147e+08	1	1
088	0	1	6.79737e+08	6.7978e+08	6.8008e+08	6.80142e+08	0	1
089	1	1	6.88453e+08	6.88499e+08	6.888e+08	6.88807e+08	0	1
090	1	1	7.00308e+08	7.00348e+08	7.00648e+08	7.00673e+08	1	0
091	0	1	7.05181e+08	7.05222e+08	7.05523e+08	7.05869e+08	1	0
092	0	2	7.14505e+08	7.14542e+08	7.14842e+08	7.15177e+08	0	0
093	1	2	7.21705e+08	7.21751e+08	7.22051e+08	7.22069e+08	1	1
094	0	2	7.27458e+08	7.27491e+08	7.27792e+08	7.27864e+08	1	1
095	0	2	7.31308e+08	7.31344e+08	7.31644e+08	7.31801e+08	0	0
096	1	2	7.38777e+08	7.38817e+08	7.39117e+08	7.39535e+08	1	1
097	0	1	7.45067e+08	7.45102e+08	7.45402e+08	7.45498e+08	0	1
098	1	1	7.57341e+08	7.57381e+08	7.57682e+08	7.57702e+08	1	0
099	0	2	7.70976e+08	7.71023e+08	7.71323e+08	7.71334e+08	0	0
100	1	2	7.79152e+08	7.79195e+08	7.79495e+08	7.79508e+08	0	0
101	1	2	7.88269e+08	7.88303e+08	7.88603e+08	7.88624e+08	0	0
102	1	2	7.9515e+08	7.95195e+08	7.95495e+08	7.9552e+08	0	0
103	0	1	8.02047e+08	8.02086e+08	8.02386e+08	8.02397e+08	1	0
104	0	1	8.17396e+08	8.17439e+08	8.17739e+08	8.179e+08	0	1
105	1	1	8.24429e+08	8.24474e+08	8.24774e+08	8.2479e+08	1	0
106	0	1	8.26548e+08	8.26585e+08	8.26885e+08	8.29052e+08	1	0
107	0	2	8.37882e+08	8.37918e+08	8.38218e+08	8.38287e+08	1	1
108	0	1	8.4325e+08	8.43293e+08	8.43593e+08	8.43623e+08	0	1
109	1	1	8.50718e+08	8.50765e+08	8.51065e+08	8.51102e+08	0	1
110	1	1	8.61626e+08	8.61666e+08	8.61966e+08	8.62378e+08	0	1
111	1	1	8.69696e+08	8.69731e+08	8.70031e+08	8.70491e+08	1	0
112	0	2	8.76342e+08	8.76382e+08	8.76682e+08	8.77922e+08	0	0
113	1	2	8.84596e+08	8.84633e+08	8.84933e+08	8.85001e+08	1	1
114	0	1	8.91011e+08	8.91054e+08	8.91354e+08	8.91418e+08	0	1
115	1	1	9.01345e+08	9.0138e+08	9.0168e+08	9.01699e+08	0	1
116	1	1	9.08232e+08	9.08277e+08	9.08578e+08	9.08591e+08	1	0
117	0	2	9.11851e+08	9.11894e+08	9.12194e+08	9.12266e+08	1	1
118	0	2	9.20217e+08	9.2025e+08	9.2055e+08	9.20575e+08	1	1
119	0	1	9.26894e+08	9.2693e+08	9.2723e+08	9.27279e+08	0	1
120	1	1	9.33797e+08	9.33836e+08	9.34136e+08	9.3416e+08	1	0
121	0	2	9.35793e+08	9.35827e+08	9.36127e+08	9.36198e+08	1	1
122	0	2	9.44896e+08	9.44933e+08	9.45233e+08	9.45774e+08	0	0
123	1	2	9.52293e+08	9.52331e+08	9.52631e+08	9.52652e+08	1	1
124	0	2	9.57227e+08	9.57263e+08	9.57563e+08	9.57616e+08	1	1
125	0	1	9.62072e+08	9.62117e+08	9.62418e+08	9.62625e+08	1	0
126	0	1	9.73883e+08	9.73923e+08	9.74223e+08	9.7487e+08	1	0
127	0	1	9.81605e+08	9.81643e+08	9.81943e+08	9.82143e+08	0	1
128	1	1	9.8926e+08	9.89299e+08	9.89599e+08	9.89966e+08	1	0
129	0	1	9.95777e+08	9.95816e+08	9.96116e+08	9.96204e+08	0	1
130	1	1	1.00684e+09	1.00688e+09	1.00718e+09	1.0074e+09	1	0
131	0	1	1.02041e+09	1.02044e+09	1.02074e+09	1.02083e+09	1	0
132	0	1	1.02953e+09	1.02957e+09	1.02987e+09	1.03e+09	0	1
133	1	1	1.03652e+09	1.03655e+09	1.03685e+09	1.03725e+09	1	0
134	0	2	1.04142e+09	1.04147e+09	1.04177e+09	1.04186e+09	1	1
135	0	2	1.05457e+09	1.05461e+09	1.05491e+09	1.05495e+09	0	0
136	1	2	1.06148e+09	1.06151e+09	1.06181e+09	1.06186e+09	0	0
137	1	2	1.06838e+09	1.06842e+09	1.06872e+09	1.06881e+09	1	1
138	0	2	1.07293e+09	1.07298e+09	1.07328e+09	1.07334e+09	1	1
139	0	2	1.08378e+09	1.08381e+09	1.08411e+09	1.08414e+09	1	1
140	0	2	1.08834e+09	1.08837e+09	1.08867e+09	1.08873e+09	1	1
141	0	2	1.09526e+09	1.09531e+09	1.09561e+09	1.09577e+09	1	1
142	0	1	1.10425e+09	1.1043e+09	1.1046e+09	1.10466e+09	0	1
143	1	1	1.11292e+09	1.11296e+09	1.11326e+09	1.11387e+09	0	1
144	1	1	1.12084e+09	1.12089e+09	1.12119e+09	1.1212e+09	1	0
145	0	2	1.12735e+09	1.12739e+09	1.12769e+09	1.12785e+09	1	1
146	0	1	1.13723e+09	1.13727e+09	1.13757e+09	1.13785e+09	1	0
147	0	2	1.14726e+09	1.14729e+09	1.14759e+09	1.14762e+09	0	0
148	1	2	1.15415e+09	1.15418e+09	1.15448e+09	1.15456e+09	0	0
149	1	2	1.1616e+09	1.16163e+09	1.16193e+09	1.16196e+09	0	0
150	1	2	1.16849e+09	1.16853e+09	1.16883e+09	1.16885e+09	0	0
151	0	2	1.17835e+09	1.17839e+09	1.17869e+09	1.1787e+09	0	0
152	0	2	1.18661e+09	1.18666e+09	1.18696e+09	1.187e+09	0	0
153	0	1	1.1974e+09	1.19744e+09	1.19774e+09	1.19782e+09	1	0
154	0	1	1.19957e+09	1.19961e+09	1.19991e+09	1.20007e+09	0	1
155	1	1	1.2066e+09	1.20665e+09	1.20695e+09	1.20697e+09	1	0
156	0	2	1.20987e+09	1.2099e+09	1.2102e+09	1.21024e+09	1	1
157	0	2	1.21496e+09	1.21501e+09	1.21531e+09	1.21532e+09	0	0
158	1	2	1.22222e+09	1.22226e+09	1.22256e+09	1.22267e+09	0	0
159	1	2	1.22918e+09	1.22922e+09	1.22952e+09	1.22985e+09	0	0
160	1	2	1.23728e+09	1.23732e+09	1.23762e+09	1.23765e+09	1	1
161	0	1	1.24189e+09	1.24193e+09	1.24223e+09	1.24231e+09	0	1
162	1	1	1.24917e+09	1.24921e+09	1.24951e+09	1.24954e+09	1	0
163	0	1	1.25387e+09	1.25391e+09	1.25421e+09	1.25429e+09	1	0
164	0	2	1.25797e+09	1.25802e+09	1.25832e+09	1.25833e+09	0	0
165	1	2	1.26706e+09	1.26711e+09	1.26741e+09	1.26747e+09	0	0
166	1	2	1.274e+09	1.27405e+09	1.27435e+09	1.27467e+09	0	0
167	1	2	1.28336e+09	1.28341e+09	1.28371e+09	1.28372e+09	0	0
168	0	2	1.29024e+09	1.29028e+09	1.29058e+09	1.2906e+09	0	0
169	0	1	1.29816e+09	1.2982e+09	1.2985e+09	1.30186e+09	1	0
170	0	2	1.30347e+09	1.30351e+09	1.30381e+09	1.313e+09	1	1
171	0	1	1.32059e+09	1.32063e+09	1.32093e+09	1.32101e+09	0	1
172	1	1	1.32753e+09	1.32757e+09	1.32787e+09	1.32805e+09	1	0
173	0	2	1.33584e+09	1.33589e+09	1.33619e+09	1.33683e+09	0	0
174	1	2	1.34628e+09	1.34632e+09	1.34662e+09	1.34671e+09	0	0
175	1	2	1.35451e+09	1.35455e+09	1.35485e+09	1.35501e+09	1	1
176	0	1	1.35783e+09	1.35787e+09	1.35817e+09	1.35819e+09	1	0
177	0	1	1.3604e+09	1.36045e+09	1.36075e+09	1.36077e+09	0	1
178	1	1	1.37523e+09	1.37527e+09	1.37557e+09	1.3838e+09	0	1
179	1	1	1.39032e+09	1.39036e+09	1.39066e+09	1.39067e+09	1	0
180	0	2	1.39673e+09	1.39676e+09	1.39706e+09	1.39709e+09	0	0
181	1	2	1.40409e+09	1.40412e+09	1.40442e+09	1.40449e+09	0	0
182	1	2	1.41144e+09	1.41149e+09	1.41179e+09	1.41189e+09	1	1
183	0	1	1.41679e+09	1.41682e+09	1.41712e+09	1.41715e+09	0	1
184	1	1	1.42418e+09	1.42421e+09	1.42451e+09	1.42458e+09	0	1
185	1	1	1.4311e+09	1.43113e+09	1.43143e+09	1.43145e+09	0	1
186	1	1	1.43799e+09	1.43803e+09	1.43833e+09	1.43836e+09	1	0
187	0	2	1.44451e+09	1.44454e+09	1.44484e+09	1.44487e+09	1	1
188	0	1	1.44648e+09	1.44652e+09	1.44682e+09	1.44684e+09	0	1
189	1	1	1.45473e+09	1.45476e+09	1.45506e+09	1.45508e+09	0	1
190	1	1	1.4616e+09	1.46164e+09	1.46194e+09	1.46201e+09	1	0
191	0	2	1.46366e+09	1.4637e+09	1.464e+09	1.46415e+09	1	1
192	0	1	1.47152e+09	1.47157e+09	1.47187e+09	1.47216e+09	1	0
193	0	2	1.48136e+09	1.4814e+09	1.4817e+09	1.48172e+09	1	1
194	0	2	1.48515e+09	1.4852e+09	1.4855e+09	1.48559e+09	1	1
195	0	2	1.48726e+09	1.4873e+09	1.4876e+09	1.4881e+09	0	0
196	1	2	1.49902e+09	1.49907e+09	1.49937e+09	1.4995e+09	0	0
197	1	2	1.50866e+09	1.5087e+09	1.509e+09	1.50932e+09	0	0
198	1	2	1.52761e+09	1.52765e+09	1.52795e+09	1.52802e+09	0	0
199	0	2	1.53718e+09	1.53721e+09	1.53751e+09	1.53762e+09	0	0
200	0	1	1.54532e+09	1.54537e+09	1.54567e+09	1.54573e+09	1	0
201	0	2	1.55363e+09	1.55366e+09	1.55396e+09	1.55412e+09	1	1
202	0	1	1.55857e+09	1.55861e+09	1.55891e+09	1.55905e+09	0	1
203	1	1	1.56653e+09	1.56656e+09	1.56686e+09	1.56688e+09	0	1
204	1	1	1.57635e+09	1.57638e+09	1.57669e+09	1.5768e+09	1	0
205	0	2	1.58938e+09	1.58943e+09	1.58973e+09	1.58977e+09	0	0
206	1	2	1.59629e+09	1.59633e+09	1.59663e+09	1.59665e+09	0	0
207	1	2	1.60324e+09	1.60328e+09	1.60358e+09	1.60368e+09	0	0
208	1	2	1.61261e+09	1.61264e+09	1.61294e+09	1.61296e+09	1	1
209	0	1	1.62025e+09	1.6203e+09	1.6206e+09	1.62062e+09	1	0
210	0	1	1.62824e+09	1.62827e+09	1.62857e+09	1.62869e+09	1	0
211	0	2	1.63976e+09	1.63981e+09	1.64011e+09	1.64012e+09	1	1
212	0	1	1.6454e+09	1.64544e+09	1.64574e+09	1.64589e+09	1	0
213	0	1	1.6505e+09	1.65054e+09	1.65089e+09	1.65092e+09	0	1
214	1	1	1.65746e+09	1.6575e+09	1.6578e+09	1.65786e+09	0	1
215	1	1	1.66474e+09	1.66478e+09	1.66508e+09	1.66509e+09	0	1
216	1	1	1.67161e+09	1.67165e+09	1.67195e+09	1.67222e+09	1	0
217	0	1	1.67718e+09	1.67722e+09	1.67752e+09	1.67753e+09	1	0
218	0	1	1.68344e+09	1.68349e+09	1.68379e+09	1.68395e+09	1	0
219	0	1	1.6895e+09	1.68954e+09	1.68984e+09	1.68987e+09	0	1
220	1	1	1.6964e+09	1.69644e+09	1.69674e+09	1.69677e+09	0	1
221	1	1	1.7033e+09	1.70333e+09	1.70363e+09	1.70388e+09	1	0
222	0	2	1.71043e+09	1.71046e+09	1.71076e+09	1.71085e+09	1	1
223	0	1	1.71717e+09	1.71721e+09	1.71751e+09	1.71753e+09	0	1
224	1	1	1.72404e+09	1.72408e+09	1.72438e+09	1.72448e+09	0	1
225	1	1	1.73189e+09	1.73192e+09	1.73222e+09	1.73225e+09	0	1
226	1	1	1.74126e+09	1.74131e+09	1.74161e+09	1.74163e+09	0	1
227	0	1	1.75124e+09	1.75128e+09	1.75158e+09	1.75193e+09	1	0
228	0	2	1.75592e+09	1.75595e+09	1.75626e+09	1.75628e+09	1	1
229	0	1	1.75805e+09	1.7581e+09	1.7584e+09	1.75842e+09	0	1
230	1	1	1.77682e+09	1.77685e+09	1.77715e+09	1.77723e+09	0	1
231	1	1	1.78812e+09	1.78816e+09	1.78846e+09	1.78848e+09	0	1
232	1	1	1.79627e+09	1.7963e+09	1.7966e+09	1.7968e+09	0	1
233	0	2	1.80501e+09	1.80504e+09	1.80534e+09	1.80545e+09	1	1
234	0	1	1.81488e+09	1.81492e+09	1.81522e+09	1.81544e+09	0	1
235	1	1	1.82227e+09	1.82232e+09	1.82262e+09	1.82263e+09	0	1
236	1	1	1.82915e+09	1.82919e+09	1.82949e+09	1.82951e+09	0	1
237	1	1	1.83835e+09	1.83839e+09	1.83869e+09	1.83871e+09	1	0
238	0	2	1.84714e+09	1.84718e+09	1.84748e+09	1.84776e+09	0	0
239	1	2	1.85657e+09	1.85662e+09	1.85692e+09	1.85702e+09	0	0
240	1	2	1.86872e+09	1.86875e+09	1.86905e+09	1.86909e+09	1	1
241	0	2	1.8758e+09	1.87584e+09	1.87614e+09	1.87619e+09	1	1
242	0	2	1.88176e+09	1.88179e+09	1.88209e+09	1.8821e+09	1	1
243	0	1	1.88857e+09	1.88861e+09	1.88891e+09	1.88894e+09	0	1
244	1	1	1.89546e+09	1.89551e+09	1.89581e+09	1.89583e+09	0	1
245	1	1	1.90264e+09	1.90267e+09	1.90297e+09	1.90299e+09	1	0
246	0	2	1.91265e+09	1.91269e+09	1.91299e+09	1.91302e+09	0	0
247	1	2	1.91989e+09	1.91992e+09	1.92022e+09	1.92026e+09	1	1
248	0	1	1.93454e+09	1.93458e+09	1.93488e+09	1.93491e+09	0	1
249	1	1	1.94143e+09	1.94147e+09	1.94177e+09	1.94188e+09	1	0
250	0	2	1.95077e+09	1.9508e+09	1.9511e+09	1.9804e+09	1	1
251	0	2	1.98581e+09	1.98584e+09	1.98614e+09	1.9863e+09	1	1
252	0	2	2.00264e+09	2.00267e+09	2.00297e+09	2.003e+09	0	0
253	1	2	2.00952e+09	2.00956e+09	2.00986e+09	2.01e+09	1	1
254	0	1	2.01503e+09	2.01507e+09	2.01537e+09	2.01539e+09	0	1
255	1	1	2.02586e+09	2.0259e+09	2.0262e+09	2.02631e+09	0	1
256	1	1	2.03736e+09	2.03741e+09	2.03771e+09	2.03776e+09	0	1
257	1	1	2.04529e+09	2.04533e+09	2.04563e+09	2.04564e+09	0	1
258	0	1	2.05369e+09	2.05374e+09	2.05404e+09	2.05418e+09	0	1
259	0	1	2.06172e+09	2.06176e+09	2.06206e+09	2.06219e+09	0	1
260	0	1	2.06988e+09	2.06991e+09	2.07021e+09	2.07025e+09	0	1
261	0	1	2.07677e+09	2.07681e+09	2.07711e+09	2.07721e+09	1	0
262	0	1	2.08728e+09	2.08733e+09	2.08763e+09	2.08768e+09	0	1
263	1	1	2.09958e+09	2.09962e+09	2.09992e+09	2.09998e+09	1	0
264	0	2	2.10562e+09	2.10567e+09	2.10597e+09	2.10601e+09	1	1
265	0	2	2.10891e+09	2.10896e+09	2.10926e+09	2.10928e+09	0	0
266	1	2	2.11581e+09	2.11586e+09	2.11616e+09	2.11619e+09	1	1
267	0	1	2.11793e+09	2.11797e+09	2.11827e+09	2.1184e+09	0	1
268	1	1	2.129e+09	2.12904e+09	2.12934e+09	2.12936e+09	0	1
269	1	1	2.13699e+09	2.13703e+09	2.13733e+09	2.1379e+09	0	1
270	1	1	2.14629e+09	2.14633e+09	2.14663e+09	2.14664e+09	1	0
271	0	2	2.15429e+09	2.15432e+09	2.15462e+09	2.15465e+09	0	0
272	1	2	2.16279e+09	2.16282e+09	2.16312e+09	2.16315e+09	1	1
273	0	2	2.17037e+09	2.1704e+09	2.1707e+09	2.17072e+09	1	1
274	0	1	2.17653e+09	2.17656e+09	2.17686e+09	2.17688e+09	1	0
275	0	2	2.18212e+09	2.18216e+09	2.18246e+09	2.18248e+09	1	1
276	0	2	2.18808e+09	2.18812e+09	2.18842e+09	2.18844e+09	1	1
277	0	2	2.19307e+09	2.19311e+09	2.19341e+09	2.19343e+09	1	1
278	0	2	2.19694e+09	2.19698e+09	2.19728e+09	2.19756e+09	0	0
279	1	2	2.20525e+09	2.20528e+09	2.20558e+09	2.20587e+09	0	0
280	1	2	2.21327e+09	2.21331e+09	2.21361e+09	2.21372e+09	1	1
281	0	2	2.21924e+09	2.21928e+09	2.21958e+09	2.21959e+09	1	1
282	0	1	2.22361e+09	2.22365e+09	2.22395e+09	2.22401e+09	0	1
283	1	1	2.23052e+09	2.23056e+09	2.23086e+09	2.23088e+09	0	1
284	1	1	2.24324e+09	2.24328e+09	2.24358e+09	2.24362e+09	0	1
285	1	1	2.25209e+09	2.25212e+09	2.25242e+09	2.25247e+09	1	0
286	0	2	2.2592e+09	2.25924e+09	2.25954e+09	2.25956e+09	1	1
287	0	2	2.26343e+09	2.26347e+09	2.26377e+09	2.26383e+09	1	1
288	0	2	2.26556e+09	2.26561e+09	2.26591e+09	2.26594e+09	1	1
289	0	2	2.27789e+09	2.27793e+09	2.27823e+09	2.27836e+09	1	1
290	0	2	2.28345e+09	2.28349e+09	2.28379e+09	2.2838e+09	1	1
291	0	1	2.28661e+09	2.28664e+09	2.28694e+09	2.28698e+09	0	1
292	1	1	2.29613e+09	2.29617e+09	2.29647e+09	2.29651e+09	0	1
293	1	1	2.30612e+09	2.30615e+09	2.30645e+09	2.30649e+09	0	1
294	1	1	2.31302e+09	2.31306e+09	2.31336e+09	2.31337e+09	0	1
295	0	2	2.32172e+09	2.32176e+09	2.32206e+09	2.32216e+09	1	1
296	0	2	2.32924e+09	2.32928e+09	2.32958e+09	2.3296e+09	0	0
297	1	2	2.33634e+09	2.33638e+09	2.33668e+09	2.3368e+09	0	0
298	1	2	2.34426e+09	2.3443e+09	2.3446e+09	2.34462e+09	1	1
299	0	1	2.34958e+09	2.34962e+09	2.34992e+09	2.34997e+09	1	0
300	0	2	2.35175e+09	2.35179e+09	2.35209e+09	2.35215e+09	1	1
301	0	1	2.359e+09	2.35905e+09	2.35935e+09	2.35937e+09	0	1
302	1	1	2.36635e+09	2.36639e+09	2.36669e+09	2.3667e+09	0	1
303	1	1	2.37406e+09	2.3741e+09	2.3744e+09	2.37442e+09	0	1
304	1	1	2.38093e+09	2.38097e+09	2.38127e+09	2.38133e+09	0	1
305	0	1	2.38785e+09	2.38789e+09	2.38819e+09	2.38822e+09	0	1
306	0	2	2.39848e+09	2.39851e+09	2.39882e+09	2.40173e+09	1	1
307	0	2	2.41311e+09	2.41315e+09	2.41345e+09	2.41347e+09	0	0
308	1	2	2.42141e+09	2.42145e+09	2.42175e+09	2.42179e+09	1	1
309	0	2	2.42343e+09	2.42346e+09	2.42376e+09	2.42384e+09	0	0
310	1	2	2.4351e+09	2.43514e+09	2.43544e+09	2.43548e+09	0	0
311	1	2	2.442e+09	2.44204e+09	2.44234e+09	2.44237e+09	1	1
312	0	2	2.45063e+09	2.45067e+09	2.45097e+09	2.4598e+09	0	0
313	1	2	2.46633e+09	2.46638e+09	2.46668e+09	2.4668e+09	1	1
314	0	1	2.47215e+09	2.47219e+09	2.47249e+09	2.47477e+09	0	1
315	1	1	2.48442e+09	2.48445e+09	2.48475e+09	2.48479e+09	1	0
316	0	1	2.49303e+09	2.49307e+09	2.49337e+09	2.49437e+09	0	1
317	1	1	2.50137e+09	2.5014e+09	2.5017e+09	2.50196e+09	1	0
318	0	1	2.50556e+09	2.5056e+09	2.5059e+09	2.50594e+09	1	0
319	0	1	2.50761e+09	2.50765e+09	2.50795e+09	2.50797e+09	0	1
320	1	1	2.51468e+09	2.51473e+09	2.51503e+09	2.51514e+09	0	1
321	1	1	2.52183e+09	2.52188e+09	2.52218e+09	2.52218e+09	1	0
322	0	2	2.52381e+09	2.52385e+09	2.52416e+09	2.52417e+09	1	1
323	0	1	2.53569e+09	2.53572e+09	2.53602e+09	2.53603e+09	0	1
324	1	1	2.54713e+09	2.54717e+09	2.54747e+09	2.5475e+09	0	1
325	1	1	2.55402e+09	2.55406e+09	2.55436e+09	2.5581e+09	0	1
326	1	1	2.57328e+09	2.57331e+09	2.57361e+09	2.57368e+09	0	1
327	0	1	2.58231e+09	2.58235e+09	2.58266e+09	2.58281e+09	0	1
328	0	1	2.58964e+09	2.58968e+09	2.58998e+09	2.59001e+09	0	1
329	0	2	2.59654e+09	2.59658e+09	2.59688e+09	2.5969e+09	1	1
330	0	1	2.60338e+09	2.60342e+09	2.60372e+09	2.60374e+09	0	1
331	1	1	2.61317e+09	2.61321e+09	2.61351e+09	2.61364e+09	0	1
332	1	1	2.62016e+09	2.6202e+09	2.6205e+09	2.62072e+09	0	1
333	1	1	2.62723e+09	2.62727e+09	2.62757e+09	2.62762e+09	0	1
334	0	1	2.6395e+09	2.63954e+09	2.63984e+09	2.63985e+09	0	1
335	0	1	2.64637e+09	2.64641e+09	2.64671e+09	2.64676e+09	0	1
336	0	1	2.65328e+09	2.65332e+09	2.65362e+09	2.65367e+09	1	0
337	0	2	2.663e+09	2.66304e+09	2.66334e+09	2.66336e+09	0	0
338	1	2	2.67318e+09	2.67322e+09	2.67352e+09	2.67354e+09	1	1
339	0	2	2.68385e+09	2.68389e+09	2.68419e+09	2.68421e+09	1	1
340	0	1	2.69388e+09	2.69391e+09	2.69421e+09	2.69428e+09	0	1
341	1	1	2.70081e+09	2.70085e+09	2.70115e+09	2.70121e+09	0	1
342	1	1	2.70772e+09	2.70776e+09	2.70806e+09	2.70811e+09	0	1
343	1	1	2.71798e+09	2.71803e+09	2.71833e+09	2.71836e+09	0	1
344	0	1	2.73002e+09	2.73007e+09	2.73037e+09	2.73046e+09	1	0
345	0	1	2.73663e+09	2.73668e+09	2.73698e+09	2.73699e+09	0	1
346	1	1	2.74352e+09	2.74357e+09	2.74387e+09	2.74389e+09	1	0
347	0	2	2.74559e+09	2.74564e+09	2.74594e+09	2.74597e+09	0	0
348	1	2	2.75249e+09	2.75254e+09	2.75284e+09	2.75331e+09	0	0
349	1	2	2.76245e+09	2.76248e+09	2.76278e+09	2.7628e+09	0	0
350	1	2	2.77057e+09	2.77061e+09	2.77091e+09	2.77099e+09	1	1
351	0	1	2.77783e+09	2.77787e+09	2.77817e+09	2.77826e+09	0	1
352	1	1	2.78478e+09	2.78482e+09	2.78512e+09	2.78948e+09	0	1
353	1	1	2.79729e+09	2.79732e+09	2.79762e+09	2.79765e+09	0	1
354	1	1	2.80507e+09	2.80511e+09	2.80541e+09	2.80544e+09	1	0
355	0	2	2.81057e+09	2.81062e+09	2.81092e+09	2.811e+09	0	0
356	1	2	2.81857e+09	2.81862e+09	2.81892e+09	2.81898e+09	1	1
357	0	2	2.82622e+09	2.82626e+09	2.82656e+09	2.8266e+09	1	1
358	0	2	2.83113e+09	2.83117e+09	2.83148e+09	2.83151e+09	1	1
359	0	2	2.83322e+09	2.83327e+09	2.83357e+09	2.83372e+09	0	0
360	1	2	2.84255e+09	2.8426e+09	2.8429e+09	2.84291e+09	1	1
361	0	1	2.85286e+09	2.8529e+09	2.8532e+09	2.85324e+09	0	1
362	1	1	2.85976e+09	2.8598e+09	2.8601e+09	2.86011e+09	0	1
363	1	1	2.86663e+09	2.86667e+09	2.86697e+09	2.86702e+09	0	1
364	1	1	2.87354e+09	2.87358e+09	2.87388e+09	2.87389e+09	1	0
365	0	1	2.88221e+09	2.88225e+09	2.88255e+09	2.88258e+09	0	1
366	1	1	2.89036e+09	2.8904e+09	2.8907e+09	2.89073e+09	1	0
367	0	1	2.89445e+09	2.89449e+09	2.89479e+09	2.89492e+09	0	1
368	1	1	2.91124e+09	2.91128e+09	2.91158e+09	2.92377e+09	0	1
369	1	1	2.93028e+09	2.93032e+09	2.93062e+09	2.93078e+09	0	1
370	1	1	2.94083e+09	2.94087e+09	2.94117e+09	2.9412e+09	0	1
371	0	1	2.94772e+09	2.94776e+09	2.94806e+09	2.94809e+09	0	1
372	0	1	2.95858e+09	2.95862e+09	2.95892e+09	2.95907e+09	1	0
373	0	2	2.96651e+09	2.96655e+09	2.96685e+09	2.96694e+09	1	1
374	0	2	2.97144e+09	2.97147e+09	2.97177e+09	2.97182e+09	1	1
375	0	2	2.97598e+09	2.97602e+09	2.97632e+09	2.97632e+09	1	1
376	0	1	2.97799e+09	2.97802e+09	2.97832e+09	2.97836e+09	0	1
377	1	1	2.98671e+09	2.98674e+09	2.98704e+09	2.98715e+09	0	1
378	1	1	2.99489e+09	2.99493e+09	2.99523e+09	2.99529e+09	1	0
379	0	2	3.00315e+09	3.00319e+09	3.00349e+09	3.00351e+09	1	1
380	0	1	3.00541e+09	3.00544e+09	3.00574e+09	3.00576e+09	0	1
381	1	1	3.01439e+09	3.01444e+09	3.01474e+09	3.01475e+09	0	1
382	1	1	3.02127e+09	3.02131e+09	3.02161e+09	3.02176e+09	1	0
383	0	2	3.02338e+09	3.02343e+09	3.02373e+09	3.02391e+09	1	1
384	0	2	3.03279e+09	3.03284e+09	3.03314e+09	3.03318e+09	1	1
385	0	1	3.036e+09	3.03604e+09	3.03634e+09	3.03643e+09	0	1
386	1	1	3.0434e+09	3.04344e+09	3.04374e+09	3.04379e+09	0	1
387	1	1	3.05329e+09	3.05333e+09	3.05363e+09	3.05365e+09	1	0
388	0	2	3.05976e+09	3.0598e+09	3.0601e+09	3.06011e+09	1	1
389	0	2	3.06313e+09	3.06317e+09	3.06347e+09	3.06349e+09	1	1
390	0	1	3.06725e+09	3.0673e+09	3.0676e+09	3.0677e+09	0	1
391	1	1	3.07615e+09	3.07618e+09	3.07648e+09	3.07654e+09	1	0
392	0	1	3.07982e+09	3.07987e+09	3.08017e+09	3.08018e+09	0	1
393	1	1	3.0896e+09	3.08965e+09	3.08995e+09	3.09007e+09	0	1
394	1	1	3.09666e+09	3.0967e+09	3.097e+09	3.09715e+09	0	1
395	1	1	3.10366e+09	3.10371e+09	3.10401e+09	3.10404e+09	0	1
396	0	1	3.11164e+09	3.11169e+09	3.11199e+09	3.11201e+09	0	1
397	0	1	3.11854e+09	3.11858e+09	3.11888e+09	3.1189e+09	0	1
398	0	2	3.12543e+09	3.12546e+09	3.12576e+09	3.12578e+09	1	1
399	0	2	3.14199e+09	3.14203e+09	3.14233e+09	3.14256e+09	0	0
400	1	2	3.14933e+09	3.14937e+09	3.14967e+09	3.14968e+09	1	1
401	0	1	3.15814e+09	3.15818e+09	3.15848e+09	3.15877e+09	1	0
402	0	1	3.16537e+09	3.16541e+09	3.16571e+09	3.16573e+09	0	1
403	1	1	3.17226e+09	3.1723e+09	3.1726e+09	3.17264e+09	0	1
404	1	1	3.17974e+09	3.17978e+09	3.18008e+09	3.1801e+09	1	0
405	0	1	3.18485e+09	3.18489e+09	3.18519e+09	3.18521e+09	0	1
406	1	1	3.19204e+09	3.19208e+09	3.19238e+09	3.19246e+09	0	1
407	1	1	3.19899e+09	3.19903e+09	3.19933e+09	3.19972e+09	0	1
408	1	1	3.20993e+09	3.20997e+09	3.21027e+09	3.2103e+09	1	0
409	0	2	3.21795e+09	3.21799e+09	3.21829e+09	3.2183e+09	1	1
410	0	2	3.22673e+09	3.22676e+09	3.22706e+09	3.22709e+09	1	1
411	0	2	3.2315e+09	3.23153e+09	3.23183e+09	3.23188e+09	1	1
412	0	2	3.23351e+09	3.23356e+09	3.23386e+09	3.23388e+09	1	1
413	0	1	3.24067e+09	3.24071e+09	3.24101e+09	3.24105e+09	1	0
414	0	2	3.2451e+09	3.24515e+09	3.24545e+09	3.24548e+09	1	1
415	0	1	3.24726e+09	3.2473e+09	3.2476e+09	3.24764e+09	0	1
416	1	1	3.25527e+09	3.2553e+09	3.2556e+09	3.25561e+09	0	1
417	1	1	3.26542e+09	3.26547e+09	3.26577e+09	3.26579e+09	0	1
418	1	1	3.2723e+09	3.27234e+09	3.27264e+09	3.27266e+09	0	1
419	0	2	3.28034e+09	3.28038e+09	3.28068e+09	3.2807e+09	1	1
420	0	1	3.28919e+09	3.28923e+09	3.28953e+09	3.28979e+09	1	0
421	0	2	3.29336e+09	3.29339e+09	3.29369e+09	3.29372e+09	1	1
422	0	2	3.30073e+09	3.30077e+09	3.30107e+09	3.30109e+09	1	1
423	0	1	3.30603e+09	3.30606e+09	3.30636e+09	3.30668e+09	1	0
424	0	1	3.30841e+09	3.30846e+09	3.30876e+09	3.30889e+09	1	0
425	0	1	3.31059e+09	3.31063e+09	3.31093e+09	3.31103e+09	1	0
426	0	1	3.31642e+09	3.31646e+09	3.31676e+09	3.31682e+09	1	0
427	0	1	3.32262e+09	3.32265e+09	3.32295e+09	3.32297e+09	0	1
428	1	1	3.33271e+09	3.33275e+09	3.33305e+09	3.33307e+09	1	0
429	0	1	3.3395e+09	3.33955e+09	3.33985e+09	3.3399e+09	0	1
430	1	1	3.35107e+09	3.35111e+09	3.35141e+09	3.3515e+09	0	1
431	1	1	3.35878e+09	3.35882e+09	3.35912e+09	3.35965e+09	0	1
432	1	1	3.37001e+09	3.37005e+09	3.37035e+09	3.37046e+09	1	0
433	0	2	3.37553e+09	3.37556e+09	3.37586e+09	3.37589e+09	1	1
434	0	2	3.38082e+09	3.38086e+09	3.38116e+09	3.3815e+09	0	0
435	1	2	3.38915e+09	3.38918e+09	3.38948e+09	3.40507e+09	0	0
436	1	2	3.41626e+09	3.4163e+09	3.4166e+09	3.41673e+09	0	0
437	1	2	3.42324e+09	3.42328e+09	3.42358e+09	3.42372e+09	0	0
438	0	2	3.43024e+09	3.43028e+09	3.43058e+09	3.43072e+09	1	1
439	0	1	3.44174e+09	3.44178e+09	3.44208e+09	3.44238e+09	1	0
440	0	1	3.44896e+09	3.449e+09	3.4493e+09	3.45765e+09	0	1
441	1	1	3.46417e+09	3.46422e+09	3.46452e+09	3.46457e+09	1	0
442	0	1	3.46786e+09	3.4679e+09	3.4682e+09	3.46831e+09	0	1
443	1	1	3.47585e+09	3.47588e+09	3.47619e+09	3.47623e+09	0	1
444	1	1	3.48275e+09	3.48279e+09	3.48309e+09	3.48322e+09	1	0
445	0	1	3.48703e+09	3.48707e+09	3.48737e+09	3.48778e+09	1	0
446	0	1	3.49555e+09	3.49559e+09	3.49589e+09	3.4959e+09	0	1
447	1	1	3.50348e+09	3.50352e+09	3.50383e+09	3.50385e+09	1	0
448	0	1	3.50552e+09	3.50557e+09	3.50587e+09	3.50608e+09	1	0
449	0	2	3.51303e+09	3.51307e+09	3.51337e+09	3.51364e+09	0	0
450	1	2	3.52269e+09	3.52272e+09	3.52302e+09	3.52304e+09	1	1
451	0	1	3.53449e+09	3.53454e+09	3.53484e+09	3.53487e+09	0	1
452	1	1	3.5437e+09	3.54374e+09	3.54404e+09	3.54418e+09	0	1
453	1	1	3.5507e+09	3.55074e+09	3.55104e+09	3.55107e+09	0	1
454	1	1	3.55864e+09	3.55867e+09	3.55897e+09	3.55902e+09	0	1
455	0	1	3.56554e+09	3.56557e+09	3.56587e+09	3.56592e+09	0	1
456	0	2	3.57244e+09	3.57247e+09	3.57277e+09	3.57279e+09	1	1
457	0	1	3.57871e+09	3.57875e+09	3.57905e+09	3.57913e+09	0	1
458	1	1	3.58678e+09	3.58681e+09	3.58711e+09	3.58713e+09	0	1
459	1	1	3.59526e+09	3.59531e+09	3.59561e+09	3.59573e+09	0	1
460	1	1	3.60225e+09	3.60228e+09	3.60258e+09	3.6026e+09	1	0
461	0	2	3.60943e+09	3.60946e+09	3.60976e+09	3.60979e+09	1	1
462	0	2	3.61971e+09	3.61975e+09	3.62005e+09	3.62017e+09	1	1
463	0	2	3.62572e+09	3.62576e+09	3.62606e+09	3.62608e+09	0	0
464	1	2	3.63261e+09	3.63265e+09	3.63295e+09	3.63297e+09	1	1
465	0	1	3.63878e+09	3.63882e+09	3.63912e+09	3.63917e+09	0	1
466	1	1	3.64661e+09	3.64664e+09	3.64694e+09	3.64708e+09	0	1
467	1	1	3.65643e+09	3.65647e+09	3.65677e+09	3.65794e+09	1	0
468	0	1	3.66671e+09	3.66675e+09	3.66706e+09	3.66721e+09	1	0
469	0	1	3.67091e+09	3.67095e+09	3.67125e+09	3.6713e+09	0	1
470	1	1	3.68085e+09	3.68088e+09	3.68118e+09	3.68121e+09	0	1
471	1	1	3.68774e+09	3.68778e+09	3.68808e+09	3.68826e+09	0	1
472	1	1	3.69478e+09	3.69482e+09	3.69512e+09	3.69515e+09	0	1
473	0	2	3.70167e+09	3.70171e+09	3.70201e+09	3.70205e+09	0	0
474	0	2	3.7151e+09	3.71515e+09	3.71545e+09	3.71552e+09	1	1
475	0	1	3.71924e+09	3.71928e+09	3.71958e+09	3.7196e+09	0	1
476	1	1	3.72623e+09	3.72626e+09	3.72656e+09	3.72659e+09	1	0
477	0	1	3.73061e+09	3.73065e+09	3.73095e+09	3.73097e+09	0	1
478	1	1	3.7375e+09	3.73754e+09	3.73784e+09	3.73786e+09	0	1
479	1	1	3.74438e+09	3.74441e+09	3.74471e+09	3.74476e+09	1	0
480	0	2	3.74965e+09	3.7497e+09	3.75e+09	3.75023e+09	0	0
481	1	2	3.75758e+09	3.75763e+09	3.75793e+09	3.75796e+09	1	1
482	0	1	3.76304e+09	3.76308e+09	3.76338e+09	3.7635e+09	1	0
483	0	2	3.76795e+09	3.76799e+09	3.76829e+09	3.76831e+09	1	1
484	0	2	3.77444e+09	3.77448e+09	3.77478e+09	3.77479e+09	1	1
485	0	1	3.78108e+09	3.78111e+09	3.78141e+09	3.7817e+09	1	0
486	0	2	3.78335e+09	3.78339e+09	3.78369e+09	3.78371e+09	0	0
487	1	2	3.79373e+09	3.79377e+09	3.79407e+09	3.79425e+09	0	0
488	1	2	3.80077e+09	3.8008e+09	3.8011e+09	3.80112e+09	1	1
489	0	2	3.80513e+09	3.80517e+09	3.80547e+09	3.80568e+09	0	0
490	1	2	3.81419e+09	3.81422e+09	3.81452e+09	3.81456e+09	0	0
491	1	2	3.82147e+09	3.82152e+09	3.82182e+09	3.82185e+09	0	0
492	1	2	3.82838e+09	3.82842e+09	3.82872e+09	3.82873e+09	0	0