
001	0	10	5.49582e+06	5.53054e+06	5.83211e+06	1.62379e+07	0	1
002	1	10	1.80787e+07	1.81246e+07	1.84248e+07	2.32132e+07	0	1
003	1	10	2.51873e+07	2.5229e+07	2.55292e+07	2.55454e+07	1	0
004	0	50	2.73111e+07	2.73587e+07	2.76589e+07	2.7725e+07	0	0
005	1	50	3.97527e+07	3.97886e+07	4.00889e+07	4.01304e+07	1	1
006	0	50	4.17034e+07	4.17409e+07	4.20411e+07	4.24488e+07	0	0
007	1	50	4.58517e+07	4.58815e+07	4.61818e+07	4.73934e+07	1	1
008	0	50	7.02741e+07	7.03211e+07	7.06213e+07	7.06366e+07	1	1
009	0	50	7.40711e+07	7.41108e+07	7.4411e+07	7.47592e+07	0	0
010	1	50	7.90426e+07	7.90814e+07	7.93817e+07	8.06319e+07	0	0
011	1	50	8.48036e+07	8.48367e+07	8.5137e+07	8.54389e+07	0	0
012	1	50	9.54481e+07	9.54812e+07	9.57815e+07	9.63359e+07	0	0
013	0	50	1.00107e+08	1.00148e+08	1.00448e+08	1.08792e+08	1	1
014	0	10	1.35126e+08	1.35168e+08	1.35468e+08	1.35522e+08	0	1
015	1	10	1.45396e+08	1.4544e+08	1.4574e+08	1.46511e+08	0	1
016	1	10	1.50049e+08	1.50084e+08	1.50384e+08	1.53065e+08	0	1
017	1	10	1.75659e+08	1.75696e+08	1.75996e+08	1.76689e+08	1	0
018	0	50	1.833e+08	1.8334e+08	1.8364e+08	1.83655e+08	0	0
019	1	50	1.90022e+08	1.90064e+08	1.90364e+08	1.9072e+08	0	0
020	1	50	2.05701e+08	2.05735e+08	2.06035e+08	2.06083e+08	0	0
021	1	50	2.11723e+08	2.11773e+08	2.12073e+08	2.12146e+08	1	1
022	0	10	2.13713e+08	2.13749e+08	2.1405e+08	2.14273e+08	1	0
023	0	10	2.28896e+08	2.28937e+08	2.29238e+08	2.29808e+08	0	1
024	1	10	2.50675e+08	2.50712e+08	2.51012e+08	2.51142e+08	1	0
025	0	10	2.58912e+08	2.58954e+08	2.59254e+08	2.59269e+08	1	0
026	0	10	2.71266e+08	2.71307e+08	2.71608e+08	2.71801e+08	1	0
027	0	50	2.87404e+08	2.87436e+08	2.87737e+08	2.89402e+08	0	0
028	1	50	2.90951e+08	2.90994e+08	2.91294e+08	2.92188e+08	1	1
029	0	50	2.97173e+08	2.97217e+08	2.97518e+08	2.97799e+08	1	1
030	0	50	3.14221e+08	3.14256e+08	3.14557e+08	3.14747e+08	0	0
031	1	50	3.28737e+08	3.28771e+08	3.29071e+08	3.29192e+08	1	1
032	0	10	3.47817e+08	3.47851e+08	3.48152e+08	3.4858e+08	1	0
033	0	10	3.70859e+08	3.70902e+08	3.71202e+08	3.71239e+08	1	0
034	0	10	3.81852e+08	3.81885e+08	3.82186e+08	3.82287e+08	1	0
035	0	10	3.91101e+08	3.91141e+08	3.91441e+08	3.91516e+08	1	0
036	0	50	4.0516e+08	4.05196e+08	4.05496e+08	4.05603e+08	0	0
037	1	50	4.07938e+08	4.07982e+08	4.08282e+08	4.08496e+08	0	0
038	1	50	4.22264e+08	4.22302e+08	4.22602e+08	4.23276e+08	0	0
039	1	50	4.26427e+08	4.26466e+08	4.26767e+08	4.26799e+08	0	0
040	0	50	4.30414e+08	4.30463e+08	4.30763e+08	4.30813e+08	0	0
041	0	50	4.34975e+08	4.35008e+08	4.35308e+08	4.35365e+08	1	1
042	0	50	4.4866e+08	4.48695e+08	4.48995e+08	4.50556e+08	0	0
043	1	50	4.53843e+08	4.5388e+08	4.54181e+08	4.54211e+08	1	1
044	0	10	4.55805e+08	4.55843e+08	4.56143e+08	4.56179e+08	1	0
045	0	10	4.80802e+08	4.80847e+08	4.81147e+08	4.81321e+08	1	0
046	0	10	4.95798e+08	4.95835e+08	4.96135e+08	4.96574e+08	1	0
047	0	10	5.15697e+08	5.15743e+08	5.16043e+08	5.16655e+08	0	1
048	1	10	5.18217e+08	5.18265e+08	5.18565e+08	5.18688e+08	0	1
049	1	10	5.27243e+08	5.27284e+08	5.27585e+08	5.27636e+08	1	0
050	0	50	5.45491e+08	5.45531e+08	5.45831e+08	5.45899e+08	1	1
051	0	50	5.47489e+08	5.47531e+08	5.47832e+08	5.47843e+08	1	1
052	0	50	5.65219e+08	5.65263e+08	5.65563e+08	5.6561e+08	0	0
053	1	50	5.69331e+08	5.69374e+08	5.69674e+08	5.72367e+08	0	0
054	1	50	5.74934e+08	5.74981e+08	5.75282e+08	5.75546e+08	0	0
055	1	50	5.83173e+08	5.83217e+08	5.83517e+08	5.83568e+08	1	1
056	0	50	5.85159e+08	5.85196e+08	5.85496e+08	5.85668e+08	0	0
057	1	50	5.93896e+08	5.93938e+08	5.94238e+08	5.94654e+08	0	0
058	1	50	6.02266e+08	6.02306e+08	6.02606e+08	6.02779e+08	0	0
059	1	50	6.06724e+08	6.06759e+08	6.07059e+08	6.07694e+08	0	0
060	0	50	6.10777e+08	6.10822e+08	6.11122e+08	6.11473e+08	0	0
061	0	10	6.14362e+08	6.14404e+08	6.14704e+08	6.16647e+08	1	0
062	0	10	6.36527e+08	6.36569e+08	6.36869e+08	6.36964e+08	1	0
063	0	10	6.40694e+08	6.40731e+08	6.41031e+08	6.41114e+08	1	0
064	0	10	6.55868e+08	6.55907e+08	6.56208e+08	6.56426e+08	0	1
065	1	10	6.60053e+08	6.601e+08	6.604e+08	6.60487e+08	1	0
066	0	10	6.76733e+08	6.76773e+08	6.77074e+08	6.77085e+08	0	1
067	1	10	6.82904e+08	6.82936e+08	6.83236e+08	6.83471e+08	1	0
068	0	50	6.97387e+08	6.97422e+08	6.97722e+08	6.97812e+08	1	1
069	0	50	7.07614e+08	7.07648e+08	7.07948e+08	7.08084e+08	0	0
070	1	50	7.32971e+08	7.33017e+08	7.33317e+08	7.33504e+08	0	0
071	1	50	7.39828e+08	7.39865e+08	7.40166e+08	7.40195e+08	1	1
072	0	10	7.50393e+08	7.50439e+08	7.50739e+08	7.50997e+08	1	0
073	0	10	7.52586e+08	7.52624e+08	7.52924e+08	7.53194e+08	1	0
074	0	50	7.64295e+08	7.64344e+08	7.64644e+08	7.64799e+08	1	1
075	0	10	7.9313e+08	7.93164e+08	7.93464e+08	7.94284e+08	1	0
076	0	50	8.0779e+08	8.07829e+08	8.08129e+08	8.0974e+08	0	0
077	1	50	8.31721e+08	8.31772e+08	8.32072e+08	8.32361e+08	0	0
078	1	50	8.51787e+08	8.51834e+08	8.52134e+08	8.53045e+08	1	1
079	0	10	8.54791e+08	8.54839e+08	8.55139e+08	8.56205e+08	1	0
080	0	50	8.57792e+08	8.57833e+08	8.58133e+08	8.58382e+08	1	1
081	0	10	8.82994e+08	8.83035e+08	8.83335e+08	8.83447e+08	1	0
082	0	10	8.93786e+08	8.93819e+08	8.94119e+08	8.95224e+08	0	1
083	1	10	9.05806e+08	9.05849e+08	9.06149e+08	9.06216e+08	1	0
084	0	50	9.18346e+08	9.18391e+08	9.18691e+08	9.18808e+08	0	0
085	1	50	9.23362e+08	9.23403e+08	9.23703e+08	9.23771e+08	1	1
086	0	10	9.25364e+08	9.254e+08	9.25701e+08	9.25747e+08	0	1
087	1	10	9.34461e+08	9.34494e+08	9.34795e+08	9.35218e+08	1	0
088	0	50	9.5016e+08	9.50194e+08	9.50494e+08	9.50603e+08	0	0
089	1	50	9.5567e+08	9.55706e+08	9.56006e+08	9.56092e+08	0	0
090	1	50	9.59653e+08	9.59696e+08	9.59996e+08	9.60029e+08	1	1
091	0	50	9.67693e+08	9.67729e+08	9.68029e+08	9.6838e+08	0	0
092	1	50	9.7574e+08	9.75782e+08	9.76082e+08	9.76389e+08	0	0
093	1	50	9.79735e+08	9.79771e+08	9.80071e+08	9.80258e+08	0	0
094	1	50	9.8345e+08	9.83498e+08	9.83798e+08	9.84307e+08	0	0
095	0	10	9.86172e+08	9.8621e+08	9.86511e+08	9.87942e+08	1	0
096	0	50	9.89536e+08	9.89581e+08	9.89881e+08	9.90516e+08	0	0
097	1	50	9.93916e+08	9.93957e+08	9.94257e+08	9.94475e+08	0	0
098	1	50	9.99101e+08	9.99134e+08	9.99434e+08	9.99637e+08	0	0
099	1	50	1.00204e+09	1.00208e+09	1.00238e+09	1.00239e+09	0	0
100	0	10	1.00602e+09	1.00606e+09	1.00636e+09	1.00656e+09	0	1
101	0	50	1.01176e+09	1.01179e+09	1.01209e+09	1.0122e+09	0	0
102	0	50	1.01408e+09	1.01411e+09	1.01441e+09	1.01461e+09	0	0
103	0	50	1.01897e+09	1.019e+09	1.0193e+09	1.01993e+09	0	0
104	0	10	1.02152e+09	1.02156e+09	1.02186e+09	1.02199e+09	0	1
105	0	50	1.02419e+09	1.02423e+09	1.02453e+09	1.02469e+09	0	0
106	0	10	1.0269e+09	1.02694e+09	1.02724e+09	1.02732e+09	1	0
107	0	10	1.03574e+09	1.03578e+09	1.03608e+09	1.03609e+09	0	1
108	1	10	1.03785e+09	1.03789e+09	1.03819e+09	1.03871e+09	0	1
109	1	10	1.0412e+09	1.04125e+09	1.04155e+09	1.04166e+09	1	0
110	0	10	1.04325e+09	1.04329e+09	1.04359e+09	1.04362e+09	1	0
111	0	10	1.06646e+09	1.0665e+09	1.0668e+09	1.06685e+09	0	1
112	1	10	1.07196e+09	1.072e+09	1.0723e+09	1.07435e+09	1	0
113	0	10	1.08222e+09	1.08226e+09	1.08256e+09	1.08262e+09	1	0
114	0	50	1.08421e+09	1.08425e+09	1.08455e+09	1.08475e+09	0	0
115	1	50	1.09044e+09	1.09048e+09	1.09078e+09	1.09085e+09	0	0
116	1	50	1.09269e+09	1.09273e+09	1.09303e+09	1.09304e+09	0	0
117	1	50	1.09487e+09	1.09492e+09	1.09522e+09	1.09525e+09	1	1
118	0	10	1.09685e+09	1.09689e+09	1.09719e+09	1.09787e+09	0	1
119	1	10	1.10608e+09	1.10613e+09	1.10643e+09	1.10651e+09	0	1
120	1	10	1.10896e+09	1.109e+09	1.1093e+09	1.11391e+09	0	1
121	1	10	1.11779e+09	1.11782e+09	1.11812e+09	1.11848e+09	0	1
122	0	10	1.12507e+09	1.12511e+09	1.12541e+09	1.12542e+09	0	1
123	0	10	1.13271e+09	1.13275e+09	1.13305e+09	1.13336e+09	0	1
124	0	10	1.13559e+09	1.13563e+09	1.13593e+09	1.13596e+09	0	1
125	0	50	1.13805e+09	1.13809e+09	1.13839e+09	1.13858e+09	0	0
126	0	10	1.14111e+09	1.14115e+09	1.14145e+09	1.14158e+09	1	0
127	0	50	1.14485e+09	1.14489e+09	1.14519e+09	1.1456e+09	0	0
128	1	50	1.15234e+09	1.15238e+09	1.15268e+09	1.15294e+09	1	1
129	0	10	1.16912e+09	1.16916e+09	1.16946e+09	1.17072e+09	1	0
130	0	50	1.17231e+09	1.17236e+09	1.17266e+09	1.17271e+09	0	0
131	1	50	1.18618e+09	1.18623e+09	1.18653e+09	1.18679e+09	0	0
132	1	50	1.18875e+09	1.1888e+09	1.1891e+09	1.18927e+09	1	1
133	0	50	1.20412e+09	1.20416e+09	1.20446e+09	1.20464e+09	0	0
134	1	50	1.20886e+09	1.2089e+09	1.2092e+09	1.20921e+09	0	0
135	1	50	1.22199e+09	1.22204e+09	1.22234e+09	1.22246e+09	0	0
136	1	50	1.22914e+09	1.22918e+09	1.22948e+09	1.22951e+09	0	0
137	0	50	1.2315e+09	1.23155e+09	1.23185e+09	1.23185e+09	1	1
138	0	50	1.23345e+09	1.23349e+09	1.23379e+09	1.2338e+09	1	1
139	0	10	1.23749e+09	1.23753e+09	1.23783e+09	1.23791e+09	1	0
140	0	50	1.26384e+09	1.26388e+09	1.26418e+09	1.26434e+09	0	0
141	1	50	1.27023e+09	1.27026e+09	1.27056e+09	1.27057e+09	0	0
142	1	50	1.27576e+09	1.27581e+09	1.27611e+09	1.27628e+09	0	0
143	1	50	1.28109e+09	1.28113e+09	1.28143e+09	1.28145e+09	0	0
144	0	10	1.28526e+09	1.2853e+09	1.2856e+09	1.28563e+09	0	1
145	0	10	1.28783e+09	1.28786e+09	1.28816e+09	1.28817e+09	0	1
146	0	10	1.2902e+09	1.29024e+09	1.29054e+09	1.29069e+09	0	1
147	0	50	1.29256e+09	1.2926e+09	1.2929e+09	1.29295e+09	0	0
148	0	10	1.29493e+09	1.29498e+09	1.29528e+09	1.29534e+09	1	0
149	0	10	1.31083e+09	1.31087e+09	1.31117e+09	1.31118e+09	0	1
150	1	10	1.31389e+09	1.31392e+09	1.31422e+09	1.31423e+09	1	0
151	0	50	1.31583e+09	1.31588e+09	1.31618e+09	1.31631e+09	0	0
152	1	50	1.32918e+09	1.32922e+09	1.32952e+09	1.32964e+09	0	0
153	1	50	1.33293e+09	1.33296e+09	1.33326e+09	1.33335e+09	1	1
154	0	50	1.33504e+09	1.33507e+09	1.33537e+09	1.33538e+09	1	1
155	0	10	1.34856e+09	1.34859e+09	1.34889e+09	1.34905e+09	1	0
156	0	50	1.35994e+09	1.35998e+09	1.36028e+09	1.36033e+09	0	0
157	1	50	1.38336e+09	1.3834e+09	1.3837e+09	1.38427e+09	0	0
158	1	50	1.39014e+09	1.39017e+09	1.39047e+09	1.39055e+09	0	0
159	1	50	1.39274e+09	1.39278e+09	1.39308e+09	1.39328e+09	0	0
160	0	10	1.39832e+09	1.39836e+09	1.39866e+09	1.39871e+09	0	1
161	0	10	1.40237e+09	1.40241e+09	1.40271e+09	1.40478e+09	0	1
162	0	10	1.40649e+09	1.40653e+09	1.40683e+09	1.40686e+09	0	1
163	0	10	1.40876e+09	1.40881e+09	1.40911e+09	1.41384e+09	1	0
164	0	50	1.42131e+09	1.42135e+09	1.42165e+09	1.42173e+09	1	1
165	0	50	1.44933e+09	1.44937e+09	1.44967e+09	1.45026e+09	0	0
166	1	50	1.45483e+09	1.45487e+09	1.45518e+09	1.45529e+09	1	1
167	0	10	1.4704e+09	1.47044e+09	1.47074e+09	1.47081e+09	1	0
168	0	10	1.48527e+09	1.48531e+09	1.48561e+09	1.486e+09	1	0
169	0	10	1.49106e+09	1.4911e+09	1.4914e+09	1.49142e+09	1	0
170	0	50	1.49301e+09	1.49305e+09	1.49335e+09	1.49369e+09	0	0
171	1	50	1.49545e+09	1.49549e+09	1.49579e+09	1.49591e+09	0	0
172	1	50	1.50212e+09	1.50216e+09	1.50246e+09	1.50297e+09	0	0
173	1	50	1.50765e+09	1.50769e+09	1.50799e+09	1.50822e+09	0	0
174	0	50	1.51129e+09	1.51133e+09	1.51163e+09	1.51185e+09	1	1
175	0	10	1.51651e+09	1.51654e+09	1.51684e+09	1.51741e+09	1	0
176	0	10	1.51901e+09	1.51906e+09	1.51936e+09	1.51998e+09	0	1
177	1	10	1.52442e+09	1.52446e+09	1.52476e+09	1.52489e+09	1	0
178	0	50	1.53231e+09	1.53235e+09	1.53265e+09	1.53277e+09	0	0
179	1	50	1.53837e+09	1.53842e+09	1.53872e+09	1.53893e+09	0	0
180	1	50	1.54095e+09	1.54099e+09	1.54129e+09	1.54133e+09	1	1
181	0	50	1.54294e+09	1.54297e+09	1.54327e+09	1.54338e+09	0	0
182	1	50	1.54554e+09	1.54559e+09	1.54589e+09	1.54594e+09	0	0
183	1	50	1.55705e+09	1.55709e+09	1.55739e+09	1.55761e+09	0	0
184	1	50	1.55977e+09	1.55981e+09	1.56011e+09	1.56042e+09	1	1
185	0	10	1.57941e+09	1.57945e+09	1.57975e+09	1.57986e+09	1	0
186	0	10	1.58151e+09	1.58155e+09	1.58185e+09	1.58191e+09	0	1
187	1	10	1.59863e+09	1.59866e+09	1.59896e+09	1.59942e+09	0	1
188	1	10	1.61484e+09	1.61488e+09	1.61518e+09	1.61538e+09	0	1
189	1	10	1.61742e+09	1.61746e+09	1.61776e+09	1.61786e+09	0	1
190	0	50	1.62003e+09	1.62007e+09	1.62037e+09	1.62059e+09	0	0
191	0	10	1.62396e+09	1.62399e+09	1.62429e+09	1.62431e+09	0	1
192	0	10	1.63382e+09	1.63387e+09	1.63417e+09	1.63466e+09	0	1
193	0	50	1.6374e+09	1.63743e+09	1.63773e+09	1.63778e+09	1	1
194	0	10	1.63938e+09	1.63942e+09	1.63972e+09	1.63973e+09	1	0
195	0	10	1.64134e+09	1.64137e+09	1.64167e+09	1.64172e+09	0	1
196	1	10	1.64364e+09	1.64368e+09	1.64398e+09	1.64411e+09	0	1
197	1	10	1.65204e+09	1.65208e+09	1.65238e+09	1.65244e+09	1	0
198	0	10	1.65403e+09	1.65407e+09	1.65437e+09	1.65438e+09	1	0
199	0	50	1.65598e+09	1.65603e+09	1.65633e+09	1.65635e+09	0	0
200	1	50	1.66579e+09	1.66583e+09	1.66613e+09	1.66637e+09	0	0
201	1	50	1.66946e+09	1.66949e+09	1.66979e+09	1.66982e+09	1	1
202	0	50	1.67759e+09	1.67762e+09	1.67793e+09	1.67793e+09	1	1
203	0	50	1.67972e+09	1.67976e+09	1.68006e+09	1.68031e+09	0	0
204	1	50	1.69081e+09	1.69084e+09	1.69114e+09	1.69119e+09	0	0
205	1	50	1.69493e+09	1.69497e+09	1.69527e+09	1.69534e+09	0	0
206	1	50	1.69841e+09	1.69846e+09	1.69876e+09	1.69895e+09	1	1
207	0	10	1.72529e+09	1.72533e+09	1.72563e+09	1.72605e+09	0	1
208	1	10	1.72821e+09	1.72825e+09	1.72855e+09	1.7286e+09	0	1
209	1	10	1.73236e+09	1.7324e+09	1.73271e+09	1.73272e+09	1	0
210	0	50	1.74132e+09	1.74136e+09	1.74166e+09	1.7417e+09	1	1
211	0	10	1.76015e+09	1.76018e+09	1.76048e+09	1.76049e+09	0	1
212	1	10	1.76791e+09	1.76795e+09	1.76825e+09	1.7683e+09	0	1
213	1	10	1.77011e+09	1.77016e+09	1.77046e+09	1.77057e+09	1	0
214	0	10	1.77806e+09	1.77811e+09	1.77841e+09	1.77859e+09	1	0
215	0	10	1.7802e+09	1.78024e+09	1.78054e+09	1.78056e+09	1	0
216	0	10	1.78216e+09	1.78219e+09	1.78249e+09	1.78252e+09	1	0
217	0	10	1.78785e+09	1.7879e+09	1.7882e+09	1.7882e+09	0	1
218	1	10	1.80061e+09	1.80064e+09	1.80094e+09	1.80116e+09	1	0
219	0	50	1.83071e+09	1.83075e+09	1.83105e+09	1.83106e+09	1	1
220	0	10	1.83269e+09	1.83273e+09	1.83303e+09	1.8331e+09	1	0
221	0	50	1.85127e+09	1.85131e+09	1.85161e+09	1.85179e+09	0	0
222	1	50	1.85636e+09	1.8564e+09	1.8567e+09	1.8569e+09	0	0
223	1	50	1.86148e+09	1.86152e+09	1.86182e+09	1.86194e+09	0	0
224	1	50	1.87127e+09	1.87132e+09	1.87162e+09	1.87162e+09	1	1
225	0	50	1.87669e+09	1.87673e+09	1.87704e+09	1.87705e+09	0	0
226	1	50	1.8881e+09	1.88814e+09	1.88844e+09	1.88853e+09	0	0
227	1	50	1.89061e+09	1.89066e+09	1.89096e+09	1.89106e+09	0	0
228	1	50	1.89734e+09	1.89738e+09	1.89768e+09	1.89769e+09	1	1
229	0	50	1.90903e+09	1.90906e+09	1.90936e+09	1.90938e+09	1	1
230	0	10	1.91905e+09	1.91909e+09	1.91939e+09	1.9194e+09	1	0
231	0	50	1.93483e+09	1.93487e+09	1.93517e+09	1.93518e+09	0	0
232	1	50	1.94217e+09	1.94221e+09	1.94251e+09	1.94267e+09	0	0
233	1	50	1.94753e+09	1.94758e+09	1.94788e+09	1.94789e+09	1	1
234	0	10	1.96717e+09	1.96721e+09	1.96751e+09	1.96764e+09	1	0
235	0	50	1.98316e+09	1.9832e+09	1.9835e+09	1.98351e+09	1	1
236	0	50	1.99657e+09	1.99662e+09	1.99692e+09	1.99716e+09	0	0
237	1	50	2.0037e+09	2.00373e+09	2.00403e+09	2.00416e+09	1	1
238	0	10	2.01752e+09	2.01756e+09	2.01786e+09	2.01791e+09	1	0
239	0	10	2.01952e+09	2.01955e+09	2.01985e+09	2.02007e+09	1	0
240	0	50	2.02169e+09	2.02173e+09	2.02203e+09	2.02213e+09	0	0
241	1	50	2.03632e+09	2.03637e+09	2.03667e+09	2.03689e+09	0	0
242	1	50	2.03899e+09	2.03902e+09	2.03932e+09	2.03933e+09	1	1
243	0	50	2.0411e+09	2.04114e+09	2.04144e+09	2.04146e+09	0	0
244	1	50	2.05769e+09	2.05774e+09	2.05804e+09	2.05805e+09	1	1
245	0	50	2.0673e+09	2.06734e+09	2.06764e+09	2.06765e+09	0	0
246	1	50	2.07176e+09	2.07179e+09	2.07209e+09	2.07212e+09	0	0
247	1	50	2.07676e+09	2.0768e+09	2.0771e+09	2.07718e+09	0	0
248	1	50	2.0816e+09	2.08164e+09	2.08194e+09	2.08369e+09	0	0
249	0	50	2.08527e+09	2.08531e+09	2.08561e+09	2.08771e+09	1	1
250	0	10	2.09924e+09	2.09928e+09	2.09958e+09	2.09965e+09	1	0
251	0	50	2.10607e+09	2.10612e+09	2.10642e+09	2.10661e+09	0	0
252	1	50	2.10827e+09	2.10831e+09	2.10861e+09	2.10874e+09	1	1
253	0	10	2.11436e+09	2.11441e+09	2.11471e+09	2.11619e+09	0	1
254	1	10	2.11829e+09	2.11833e+09	2.11863e+09	2.11868e+09	1	0
255	0	10	2.12064e+09	2.12068e+09	2.12098e+09	2.12107e+09	1	0
256	0	10	2.12268e+09	2.12272e+09	2.12302e+09	2.12303e+09	1	0
257	0	10	2.12501e+09	2.12506e+09	2.12536e+09	2.12537e+09	1	0
258	0	50	2.13527e+09	2.1353e+09	2.1356e+09	2.13573e+09	1	1
259	0	50	2.16476e+09	2.1648e+09	2.1651e+09	2.16514e+09	1	1
260	0	10	2.17371e+09	2.17374e+09	2.17404e+09	2.1741e+09	1	0
261	0	10	2.1757e+09	2.17574e+09	2.17604e+09	2.17638e+09	1	0
262	0	50	2.19549e+09	2.19553e+09	2.19583e+09	2.19584e+09	1	1
263	0	50	2.20215e+09	2.20219e+09	2.20249e+09	2.20253e+09	0	0
264	1	50	2.21063e+09	2.21067e+09	2.21097e+09	2.21103e+09	0	0
265	1	50	2.21461e+09	2.21466e+09	2.21496e+09	2.21504e+09	0	0
266	1	50	2.21745e+09	2.21749e+09	2.21779e+09	2.21782e+09	0	0
267	0	10	2.2211e+09	2.22114e+09	2.22144e+09	2.22148e+09	0	1
268	0	50	2.22862e+09	2.22867e+09	2.22897e+09	2.22911e+09	0	0
269	0	10	2.23128e+09	2.23133e+09	2.23163e+09	2.23263e+09	1	0
270	0	50	2.24909e+09	2.24913e+09	2.24943e+09	2.24963e+09	0	0
271	1	50	2.25456e+09	2.2546e+09	2.2549e+09	2.25513e+09	0	0
272	1	50	2.26025e+09	2.26029e+09	2.26059e+09	2.26067e+09	1	1
273	0	10	2.26623e+09	2.26626e+09	2.26656e+09	2.26668e+09	0	1
274	1	10	2.28122e+09	2.28126e+09	2.28156e+09	2.28184e+09	1	0
275	0	50	2.28812e+09	2.28815e+09	2.28845e+09	2.28847e+09	0	0
276	1	50	2.29377e+09	2.2938e+09	2.2941e+09	2.29411e+09	1	1
277	0	50	2.30363e+09	2.30368e+09	2.30398e+09	2.304e+09	0	0
278	1	50	2.30612e+09	2.30617e+09	2.30647e+09	2.30655e+09	0	0
279	1	50	2.30935e+09	2.30939e+09	2.30969e+09	2.30976e+09	1	1
280	0	50	2.31744e+09	2.31748e+09	2.31778e+09	2.31794e+09	0	0
281	1	50	2.3208e+09	2.32084e+09	2.32114e+09	2.32126e+09	0	0
282	1	50	2.32293e+09	2.32297e+09	2.32327e+09	2.32328e+09	1	1
283	0	50	2.3249e+09	2.32494e+09	2.32524e+09	2.32525e+09	0	0
284	1	50	2.33025e+09	2.33029e+09	2.33059e+09	2.33084e+09	0	0
285	1	50	2.33253e+09	2.33256e+09	2.33286e+09	2.33298e+09	0	0
286	1	50	2.33463e+09	2.33467e+09	2.33497e+09	2.33498e+09	1	1
287	0	10	2.33659e+09	2.33663e+09	2.33693e+09	2.33701e+09	1	0
288	0	50	2.34374e+09	2.34378e+09	2.34408e+09	2.34453e+09	0	0
289	1	50	2.3488e+09	2.34884e+09	2.34914e+09	2.34927e+09	0	0
290	1	50	2.35201e+09	2.35205e+09	2.35235e+09	2.35236e+09	1	1
291	0	50	2.35397e+09	2.35401e+09	2.35431e+09	2.35434e+09	1	1
292	0	10	2.36443e+09	2.36447e+09	2.36477e+09	2.36478e+09	0	1
293	1	10	2.36654e+09	2.36659e+09	2.36689e+09	2.36772e+09	0	1
294	1	10	2.36969e+09	2.36972e+09	2.37002e+09	2.37091e+09	0	1
295	1	10	2.37268e+09	2.37273e+09	2.37303e+09	2.37321e+09	1	0
296	0	10	2.37482e+09	2.37485e+09	2.37515e+09	2.3752e+09	0	1
297	1	10	2.37698e+09	2.37703e+09	2.37733e+09	2.37751e+09	1	0
298	0	10	2.37912e+09	2.37916e+09	2.37946e+09	2.38119e+09	0	1
299	1	10	2.38495e+09	2.38499e+09	2.38529e+09	2.3853e+09	0	1
300	1	10	2.39008e+09	2.39012e+09	2.39042e+09	2.39043e+09	0	1
301	1	10	2.40084e+09	2.40089e+09	2.40119e+09	2.40119e+09	0	1
302	0	50	2.40512e+09	2.40516e+09	2.40546e+09	2.40547e+09	1	1
303	0	50	2.41288e+09	2.41293e+09	2.41323e+09	2.41324e+09	0	0
304	1	50	2.42231e+09	2.42235e+09	2.42265e+09	2.42266e+09	1	1
305	0	50	2.42427e+09	2.42432e+09	2.42462e+09	2.42467e+09	0	0
306	1	50	2.44239e+09	2.44243e+09	2.44273e+09	2.4428e+09	0	0
307	1	50	2.44593e+09	2.44597e+09	2.44627e+09	2.44628e+09	0	0
308	1	50	2.44804e+09	2.44808e+09	2.44838e+09	2.44841e+09	1	1
309	0	50	2.46033e+09	2.46036e+09	2.46066e+09	2.46079e+09	0	0
310	1	50	2.46257e+09	2.46262e+09	2.46292e+09	2.46297e+09	0	0
311	1	50	2.46652e+09	2.46656e+09	2.46686e+09	2.4671e+09	0	0
312	1	50	2.46878e+09	2.46882e+09	2.46912e+09	2.46914e+09	1	1
313	0	50	2.4787e+09	2.47873e+09	2.47903e+09	2.47911e+09	1	1
314	0	50	2.48549e+09	2.48552e+09	2.48582e+09	2.48585e+09	0	0
315	1	50	2.48973e+09	2.48977e+09	2.49007e+09	2.4901e+09	1	1
316	0	50	2.49516e+09	2.4952e+09	2.4955e+09	2.49561e+09	1	1
317	0	50	2.50579e+09	2.50583e+09	2.50613e+09	2.5062e+09	1	1
318	0	10	2.51174e+09	2.51178e+09	2.51208e+09	2.51216e+09	0	1
319	1	10	2.51751e+09	2.51754e+09	2.51784e+09	2.51817e+09	0	1
320	1	10	2.52201e+09	2.52204e+09	2.52234e+09	2.52248e+09	0	1
321	1	10	2.52432e+09	2.52436e+09	2.52466e+09	2.52582e+09	1	0
322	0	10	2.53303e+09	2.53307e+09	2.53337e+09	2.53343e+09	1	0
323	0	50	2.53892e+09	2.53896e+09	2.53926e+09	2.53931e+09	1	1
324	0	10	2.54091e+09	2.54095e+09	2.54125e+09	2.54139e+09	0	1
325	1	10	2.54663e+09	2.54666e+09	2.54696e+09	2.54716e+09	1	0
326	0	50	2.54878e+09	2.54883e+09	2.54913e+09	2.54925e+09	1	1
327	0	50	2.55729e+09	2.55734e+09	2.55764e+09	2.55774e+09	0	0
328	1	50	2.55975e+09	2.55979e+09	2.56009e+09	2.5601e+09	1	1
329	0	50	2.58013e+09	2.58018e+09	2.58048e+09	2.5807e+09	1	1
330	0	50	2.5855e+09	2.58554e+09	2.58584e+09	2.58589e+09	0	0
331	1	50	2.58962e+09	2.58967e+09	2.58997e+09	2.59002e+09	0	0
332	1	50	2.59855e+09	2.59858e+09	2.59888e+09	2.59892e+09	0	0
333	1	50	2.60101e+09	2.60105e+09	2.60135e+09	2.60138e+09	1	1
334	0	10	2.61044e+09	2.61047e+09	2.61077e+09	2.61081e+09	1	0
335	0	10	2.61254e+09	2.61258e+09	2.61288e+09	2.6129e+09	0	1
336	1	10	2.62005e+09	2.62009e+09	2.62039e+09	2.62049e+09	1	0
337	0	10	2.62219e+09	2.62223e+09	2.62253e+09	2.62269e+09	0	1
338	1	10	2.6245e+09	2.62453e+09	2.62483e+09	2.62486e+09	0	1
339	1	10	2.63382e+09	2.63386e+09	2.63416e+09	2.6342e+09	1	0
340	0	10	2.64729e+09	2.64733e+09	2.64763e+09	2.64765e+09	1	0
341	0	10	2.66287e+09	2.66291e+09	2.66321e+09	2.66322e+09	0	1
342	1	10	2.6688e+09	2.66884e+09	2.66914e+09	2.66914e+09	0	1
343	1	10	2.6711e+09	2.67115e+09	2.67145e+09	2.67153e+09	0	1
344	1	10	2.67339e+09	2.67343e+09	2.67373e+09	2.67387e+09	0	1
345	0	10	2.67576e+09	2.6758e+09	2.6761e+09	2.67617e+09	1	0
346	0	10	2.67782e+09	2.67787e+09	2.67817e+09	2.67823e+09	1	0
347	0	10	2.68262e+09	2.68266e+09	2.68296e+09	2.68297e+09	0	1
348	1	10	2.6891e+09	2.68914e+09	2.68944e+09	2.68948e+09	0	1
349	1	10	2.69675e+09	2.69679e+09	2.69709e+09	2.69734e+09	1	0
350	0	50	2.69895e+09	2.69899e+09	2.69929e+09	2.69945e+09	1	1
351	0	10	2.70106e+09	2.7011e+09	2.7014e+09	2.70148e+09	1	0
352	0	50	2.70933e+09	2.70937e+09	2.70967e+09	2.70977e+09	0	0
353	1	50	2.71141e+09	2.71144e+09	2.71174e+09	2.71187e+09	0	0
354	1	50	2.72012e+09	2.72016e+09	2.72046e+09	2.72072e+09	0	0
355	1	50	2.72253e+09	2.72257e+09	2.72287e+09	2.72303e+09	1	1
356	0	10	2.72682e+09	2.72686e+09	2.72716e+09	2.72718e+09	1	0
357	0	50	2.73634e+09	2.73639e+09	2.73669e+09	2.7367e+09	1	1
358	0	10	2.73855e+09	2.73859e+09	2.73889e+09	2.73895e+09	1	0
359	0	10	2.74738e+09	2.74742e+09	2.74772e+09	2.74778e+09	1	0
360	0	50	2.75267e+09	2.75272e+09	2.75302e+09	2.75309e+09	0	0
361	1	50	2.7547e+09	2.75473e+09	2.75503e+09	2.75504e+09	1	1
362	0	50	2.76543e+09	2.76548e+09	2.76578e+09	2.76585e+09	1	1
363	0	50	2.7756e+09	2.77564e+09	2.77594e+09	2.77597e+09	1	1
364	0	50	2.78796e+09	2.788e+09	2.7883e+09	2.78833e+09	1	1
365	0	10	2.79803e+09	2.79807e+09	2.79837e+09	2.79839e+09	1	0
366	0	50	2.80178e+09	2.80181e+09	2.80211e+09	2.80214e+09	0	0
367	1	50	2.80926e+09	2.8093e+09	2.8096e+09	2.8097e+09	0	0
368	1	50	2.81905e+09	2.8191e+09	2.8194e+09	2.82141e+09	1	1
369	0	50	2.82303e+09	2.82307e+09	2.82337e+09	2.82349e+09	1	1
370	0	10	2.83056e+09	2.83059e+09	2.83089e+09	2.831e+09	1	0
371	0	10	2.83757e+09	2.83761e+09	2.83791e+09	2.83812e+09	0	1
372	1	10	2.83993e+09	2.83997e+09	2.84027e+09	2.84037e+09	1	0
373	0	10	2.8421e+09	2.84214e+09	2.84244e+09	2.84251e+09	1	0
374	0	50	2.84413e+09	2.84418e+09	2.84448e+09	2.84449e+09	0	0
375	1	50	2.84969e+09	2.84974e+09	2.85004e+09	2.8501e+09	0	0
376	1	50	2.85413e+09	2.85417e+09	2.85447e+09	2.8545e+09	0	0
377	1	50	2.85754e+09	2.85759e+09	2.85789e+09	2.85808e+09	1	1
378	0	10	2.8597e+09	2.85975e+09	2.86005e+09	2.86009e+09	0	1
379	1	10	2.86226e+09	2.8623e+09	2.8626e+09	2.86274e+09	1	0
380	0	10	2.87348e+09	2.87352e+09	2.87382e+09	2.87386e+09	1	0
381	0	10	2.88506e+09	2.8851e+09	2.8854e+09	2.88542e+09	1	0
382	0	50	2.8907e+09	2.89075e+09	2.89105e+09	2.89112e+09	1	1
383	0	10	2.89274e+09	2.89279e+09	2.89309e+09	2.89343e+09	0	1
384	1	10	2.90933e+09	2.90937e+09	2.90967e+09	2.90967e+09	1	0
385	0	10	2.91786e+09	2.9179e+09	2.9182e+09	2.91828e+09	1	0
386	0	10	2.92751e+09	2.92754e+09	2.92784e+09	2.9279e+09	1	0
387	0	10	2.93955e+09	2.93958e+09	2.93988e+09	2.9399e+09	1	0
388	0	10	2.94152e+09	2.94155e+09	2.94185e+09	2.94195e+09	0	1
389	1	10	2.94476e+09	2.9448e+09	2.9451e+09	2.94516e+09	0	1
390	1	10	2.94702e+09	2.94706e+09	2.94736e+09	2.94747e+09	1	0
391	0	10	2.94919e+09	2.94924e+09	2.94954e+09	2.94975e+09	0	1
392	1	10	2.95899e+09	2.95904e+09	2.95934e+09	2.9594e+09	0	1
393	1	10	2.96141e+09	2.96145e+09	2.96175e+09	2.96179e+09	0	1
394	1	10	2.96653e+09	2.96658e+09	2.96688e+09	2.96689e+09	1	0
395	0	50	2.96854e+09	2.96858e+09	2.96888e+09	2.96894e+09	1	1
396	0	50	2.97433e+09	2.97438e+09	2.97468e+09	2.97469e+09	1	1
397	0	50	2.9839e+09	2.98394e+09	2.98424e+09	2.98428e+09	0	0
398	1	50	2.99412e+09	2.99415e+09	2.99445e+09	2.99449e+09	0	0
399	1	50	2.99844e+09	2.99848e+09	2.99878e+09	2.99883e+09	0	0
400	1	50	3.00071e+09	3.00075e+09	3.00105e+09	3.00116e+09	0	0
401	0	10	3.00278e+09	3.00282e+09	3.00312e+09	3.00317e+09	1	0
402	0	10	3.00727e+09	3.0073e+09	3.0076e+09	3.00769e+09	1	0
403	0	10	3.01286e+09	3.01291e+09	3.01321e+09	3.01322e+09	1	0
404	0	50	3.02171e+09	3.02174e+09	3.02204e+09	3.02209e+09	0	0
405	1	50	3.02374e+09	3.02377e+09	3.02407e+09	3.0241e+09	0	0
406	1	50	3.02813e+09	3.02816e+09	3.02846e+09	3.02847e+09	0	0
407	1	50	3.03185e+09	3.03189e+09	3.03219e+09	3.03222e+09	1	1
408	0	10	3.03573e+09	3.03576e+09	3.03606e+09	3.03612e+09	1	0
409	0	50	3.03775e+09	3.03778e+09	3.03808e+09	3.0381e+09	1	1
410	0	10	3.03972e+09	3.03977e+09	3.04007e+09	3.04044e+09	1	0
411	0	10	3.04206e+09	3.0421e+09	3.0424e+09	3.04242e+09	1	0
412	0	10	3.04405e+09	3.04409e+09	3.04439e+09	3.04441e+09	0	1
413	1	10	3.05363e+09	3.05368e+09	3.05398e+09	3.05408e+09	1	0
414	0	50	3.05919e+09	3.05922e+09	3.05953e+09	3.05954e+09	0	0
415	1	50	3.06834e+09	3.06839e+09	3.06869e+09	3.06896e+09	0	0
416	1	50	3.08332e+09	3.08336e+09	3.08366e+09	3.08398e+09	0	0
417	1	50	3.0872e+09	3.08724e+09	3.08754e+09	3.08766e+09	1	1
418	0	50	3.09363e+09	3.09366e+09	3.09396e+09	3.09405e+09	1	1
419	0	50	3.10216e+09	3.1022e+09	3.1025e+09	3.10262e+09	0	0
420	1	50	3.10889e+09	3.10892e+09	3.10922e+09	3.112e+09	1	1
421	0	10	3.11899e+09	3.11902e+09	3.11932e+09	3.12112e+09	1	0
422	0	10	3.12275e+09	3.12278e+09	3.12308e+09	3.12321e+09	0	1
423	1	10	3.12501e+09	3.12505e+09	3.12535e+09	3.12541e+09	0	1
424	1	10	3.1294e+09	3.12945e+09	3.12975e+09	3.12984e+09	0	1
425	1	10	3.13147e+09	3.13151e+09	3.13181e+09	3.13197e+09	0	1
426	0	10	3.13374e+09	3.13378e+09	3.13408e+09	3.13453e+09	0	1
427	0	50	3.13632e+09	3.13637e+09	3.13667e+09	3.13668e+09	0	0
428	0	10	3.1386e+09	3.13864e+09	3.13894e+09	3.13918e+09	0	1
429	0	10	3.14113e+09	3.14116e+09	3.14146e+09	3.14189e+09	0	1
430	0	10	3.14378e+09	3.14382e+09	3.14412e+09	3.14423e+09	0	1
431	0	10	3.14597e+09	3.14602e+09	3.14632e+09	3.14639e+09	1	0
432	0	50	3.1498e+09	3.14984e+09	3.15014e+09	3.15025e+09	0	0
433	1	50	3.15405e+09	3.15408e+09	3.15438e+09	3.1544e+09	0	0
434	1	50	3.15635e+09	3.15638e+09	3.15668e+09	3.15679e+09	0	0
435	1	50	3.1587e+09	3.15874e+09	3.15904e+09	3.15916e+09	0	0
436	0	10	3.16085e+09	3.1609e+09	3.1612e+09	3.16131e+09	1	0
437	0	10	3.16481e+09	3.16485e+09	3.16515e+09	3.16528e+09	1	0
438	0	50	3.16889e+09	3.16892e+09	3.16922e+09	3.16924e+09	1	1
439	0	50	3.17927e+09	3.17931e+09	3.17961e+09	3.18031e+09	1	1
440	0	50	3.18364e+09	3.18369e+09	3.18399e+09	3.18401e+09	0	0
441	1	50	3.18601e+09	3.18606e+09	3.18636e+09	3.18636e+09	0	0
442	1	50	3.18828e+09	3.18832e+09	3.18862e+09	3.18863e+09	1	1
443	0	50	3.19405e+09	3.19409e+09	3.19439e+09	3.19444e+09	0	0
444	1	50	3.19609e+09	3.19612e+09	3.19642e+09	3.19647e+09	0	0
445	1	50	3.19821e+09	3.19826e+09	3.19856e+09	3.19857e+09	1	1
446	0	10	3.20031e+09	3.20035e+09	3.20065e+09	3.20066e+09	1	0
447	0	50	3.20596e+09	3.20601e+09	3.20631e+09	3.20636e+09	0	0
448	1	50	3.20899e+09	3.20903e+09	3.20933e+09	3.20948e+09	1	1
449	0	10	3.21271e+09	3.21275e+09	3.21305e+09	3.21308e+09	0	1
450	1	10	3.21672e+09	3.21676e+09	3.21706e+09	3.21707e+09	1	0
451	0	10	3.22271e+09	3.22275e+09	3.22305e+09	3.2231e+09	0	1
452	1	10	3.225e+09	3.22504e+09	3.22534e+09	3.22535e+09	0	1
453	1	10	3.22749e+09	3.22753e+09	3.22783e+09	3.22801e+09	1	0
454	0	10	3.23178e+09	3.23182e+09	3.23212e+09	3.23228e+09	1	0
455	0	10	3.23404e+09	3.23407e+09	3.23437e+09	3.23441e+09	0	1
456	1	10	3.23954e+09	3.23958e+09	3.23988e+09	3.2399e+09	1	0
457	0	10	3.24328e+09	3.24332e+09	3.24362e+09	3.24364e+09	1	0
458	0	50	3.249e+09	3.24904e+09	3.24934e+09	3.24941e+09	0	0
459	1	50	3.25228e+09	3.25231e+09	3.25261e+09	3.25267e+09	1	1
460	0	10	3.26322e+09	3.26325e+09	3.26355e+09	3.2636e+09	1	0
461	0	10	3.26523e+09	3.26527e+09	3.26557e+09	3.26558e+09	0	1
462	1	10	3.2674e+09	3.26744e+09	3.26774e+09	3.2678e+09	1	0
463	0	50	3.26944e+09	3.26948e+09	3.26978e+09	3.2698e+09	0	0
464	1	50	3.27838e+09	3.27842e+09	3.27872e+09	3.27877e+09	0	0
465	1	50	3.28315e+09	3.28319e+09	3.28349e+09	3.28356e+09	1	1
466	0	10	3.28696e+09	3.28699e+09	3.28729e+09	3.28731e+09	1	0
467	0	50	3.29103e+09	3.29106e+09	3.29136e+09	3.29138e+09	1	1
468	0	10	3.2984e+09	3.29845e+09	3.29875e+09	3.29885e+09	1	0
469	0	10	3.30048e+09	3.30052e+09	3.30082e+09	3.30094e+09	0	1
470	1	10	3.30682e+09	3.30685e+09	3.30715e+09	3.30725e+09	1	0
471	0	10	3.30898e+09	3.30901e+09	3.30931e+09	3.30932e+09	1	0
472	0	50	3.31679e+09	3.31682e+09	3.31712e+09	3.31717e+09	1	1
473	0	10	3.32035e+09	3.32039e+09	3.32069e+09	3.32288e+09	0	1
474	1	10	3.32503e+09	3.32507e+09	3.32537e+09	3.32544e+09	0	1
475	1	10	3.33579e+09	3.33583e+09	3.33613e+09	3.33622e+09	0	1
476	1	10	3.34088e+09	3.34092e+09	3.34122e+09	3.34203e+09	0	1
477	0	50	3.34376e+09	3.34381e+09	3.34411e+09	3.34419e+09	1	1
478	0	10	3.34767e+09	3.34771e+09	3.34801e+09	3.34802e+09	1	0
479	0	50	3.35198e+09	3.35201e+09	3.35231e+09	3.35237e+09	1	1
480	0	10	3.35401e+09	3.35405e+09	3.35435e+09	3.35437e+09	0	1
481	1	10	3.358e+09	3.35803e+09	3.35833e+09	3.35866e+09	1	0
482	0	50	3.3705e+09	3.37054e+09	3.37084e+09	3.37094e+09	0	0
483	1	50	3.37256e+09	3.3726e+09	3.3729e+09	3.37295e+09	0	0
484	1	50	3.37495e+09	3.37499e+09	3.37529e+09	3.37535e+09	1	1
485	0	50	3.37869e+09	3.37873e+09	3.37903e+09	3.3791e+09	0	0
486	1	50	3.38308e+09	3.38311e+09	3.38341e+09	3.3836e+09	0	0
487	1	50	3.38531e+09	3.38535e+09	3.38565e+09	3.38576e+09	0	0
488	1	50	3.38809e+09	3.38812e+09	3.38842e+09	3.38843e+09	1	1
489	0	10	3.39179e+09	3.39183e+09	3.39213e+09	3.39215e+09	0	1
490	1	10	3.39391e+09	3.39395e+09	3.39425e+09	3.39456e+09	1	0
491	0	10	3.39628e+09	3.39633e+09	3.39663e+09	3.39664e+09	0	1
492	1	10	3.39847e+09	3.3985e+09	3.3988e+09	3.39905e+09	0	1
493	1	10	3.40123e+09	3.40127e+09	3.40157e+09	3.40165e+09	0	1
494	1	10	3.40516e+09	3.4052e+09	3.4055e+09	3.40551e+09	0	1
495	0	50	3.40752e+09	3.40756e+09	3.40786e+09	3.40797e+09	0	0
496	0	50	3.40961e+09	3.40966e+09	3.40996e+09	3.4101e+09	0	0
497	0	10	3.4133e+09	3.41334e+09	3.41364e+09	3.41428e+09	0	1
498	0	10	3.41614e+09	3.4162e+09	3.4165e+09	3.41667e+09	0	1
499	0	50	3.41869e+09	3.41874e+09	3.41904e+09	3.41913e+09	1	1
500	0	50	3.42552e+09	3.42555e+09	3.42585e+09	3.4293e+09	1	1
501	0	50	3.43113e+09	3.43116e+09	3.43146e+09	3.43192e+09	0	0
502	1	50	3.43353e+09	3.43357e+09	3.43387e+09	3.43388e+09	1	1
503	0	10	3.43905e+09	3.43908e+09	3.43938e+09	3.4394e+09	1	0
504	0	10	3.44305e+09	3.44309e+09	3.44339e+09	3.44341e+09	1	0
505	0	50	3.44753e+09	3.44758e+09	3.44788e+09	3.44791e+09	1	1
506	0	50	3.44964e+09	3.44967e+09	3.44997e+09	3.45002e+09	0	0
507	1	50	3.4534e+09	3.45343e+09	3.45373e+09	3.45376e+09	0	0
508	1	50	3.45568e+09	3.45572e+09	3.45602e+09	3.45612e+09	1	1
509	0	50	3.45797e+09	3.45802e+09	3.45832e+09	3.45833e+09	0	0
510	1	50	3.46127e+09	3.46131e+09	3.46161e+09	3.4617e+09	1	1
511	0	50	3.46722e+09	3.46725e+09	3.46755e+09	3.46764e+09	1	1
512	0	10	3.4713e+09	3.47133e+09	3.47163e+09	3.4725e+09	0	1
513	1	10	3.47446e+09	3.47451e+09	3.47481e+09	3.47541e+09	0	1
514	1	10	3.47715e+09	3.47719e+09	3.47749e+09	3.47756e+09	1	0
515	0	10	3.47939e+09	3.47944e+09	3.47974e+09	3.47975e+09	1	0
516	0	10	3.48138e+09	3.48143e+09	3.48173e+09	3.4818e+09	1	0
517	0	10	3.48743e+09	3.48747e+09	3.48777e+09	3.4878e+09	0	1
518	1	10	3.48957e+09	3.48962e+09	3.48992e+09	3.48994e+09	0	1
519	1	10	3.49159e+09	3.49163e+09	3.49193e+09	3.49193e+09	0	1
520	1	10	3.49825e+09	3.49828e+09	3.49858e+09	3.50193e+09	0	1
521	0	50	3.50354e+09	3.50358e+09	3.50388e+09	3.50414e+09	1	1
522	0	50	3.50583e+09	3.50586e+09	3.50616e+09	3.5064e+09	1	1
523	0	50	3.51395e+09	3.514e+09	3.5143e+09	3.51799e+09	0	0
524	1	50	3.51961e+09	3.51965e+09	3.51995e+09	3.51997e+09	0	0
525	1	50	3.5219e+09	3.52193e+09	3.52232e+09	3.52475e+09	1	1
526	0	50	3.53015e+09	3.53019e+09	3.53049e+09	3.53068e+09	0	0
527	1	50	3.53266e+09	3.5327e+09	3.533e+09	3.5332e+09	0	0
528	1	50	3.53481e+09	3.53485e+09	3.53515e+09	3.53549e+09	0	0
529	1	50	3.53711e+09	3.53715e+09	3.53745e+09	3.53761e+09	1	1
530	0	50	3.53925e+09	3.53929e+09	3.53959e+09	3.53966e+09	0	0
531	1	50	3.54155e+09	3.54159e+09	3.54189e+09	3.54197e+09	1	1
532	0	50	3.5436e+09	3.54365e+09	3.54395e+09	3.54409e+09	1	1
533	0	10	3.548e+09	3.54803e+09	3.54833e+09	3.54834e+09	1	0
534	0	50	3.55368e+09	3.55371e+09	3.55401e+09	3.55403e+09	1	1
535	0	50	3.55936e+09	3.55941e+09	3.55971e+09	3.5598e+09	1	1
536	0	10	3.56144e+09	3.56148e+09	3.56178e+09	3.5619e+09	1	0
537	0	50	3.56564e+09	3.56568e+09	3.56598e+09	3.56615e+09	1	1
538	0	10	3.57268e+09	3.57272e+09	3.57302e+09	3.57597e+09	0	1
539	1	10	3.57759e+09	3.57763e+09	3.57793e+09	3.57801e+09	0	1
540	1	10	3.58466e+09	3.58469e+09	3.58499e+09	3.59134e+09	1	0
541	0	10	3.59298e+09	3.59303e+09	3.59333e+09	3.59334e+09	1	0
542	0	10	3.59498e+09	3.59502e+09	3.59532e+09	3.59543e+09	0	1
543	1	10	3.59719e+09	3.59724e+09	3.59754e+09	3.59759e+09	0	1
544	1	10	3.59954e+09	3.59958e+09	3.59988e+09	3.5999e+09	0	1
545	1	10	3.60178e+09	3.60181e+09	3.60211e+09	3.60217e+09	0	1
546	0	50	3.60396e+09	3.604e+09	3.6043e+09	3.60431e+09	1	1
547	0	10	3.60767e+09	3.60771e+09	3.60801e+09	3.60804e+09	1	0
548	0	10	3.61148e+09	3.61152e+09	3.61182e+09	3.61182e+09	0	1
549	1	10	3.61387e+09	3.61391e+09	3.61421e+09	3.61422e+09	0	1
550	1	10	3.61881e+09	3.61885e+09	3.61915e+09	3.61929e+09	1	0
551	0	10	3.62094e+09	3.62097e+09	3.62127e+09	3.62142e+09	1	0
552	0	10	3.62319e+09	3.62322e+09	3.62352e+09	3.62357e+09	0	1
553	1	10	3.62534e+09	3.62537e+09	3.62567e+09	3.62575e+09	0	1
554	1	10	3.62754e+09	3.62758e+09	3.62788e+09	3.62797e+09	0	1
555	1	10	3.62991e+09	3.62995e+09	3.63025e+09	3.63167e+09	0	1
556	0	50	3.6335e+09	3.63354e+09	3.63384e+09	3.63387e+09	1	1
557	0	50	3.63561e+09	3.63564e+09	3.63594e+09	3.63642e+09	0	0
558	1	50	3.63803e+09	3.63807e+09	3.63837e+09	3.63837e+09	0	0
559	1	50	3.64015e+09	3.64019e+09	3.64049e+09	3.64051e+09	1	1
560	0	50	3.64216e+09	3.64221e+09	3.64251e+09	3.6426e+09	1	1
561	0	50	3.64948e+09	3.64952e+09	3.64982e+09	3.65001e+09	0	0
562	1	50	3.65647e+09	3.65651e+09	3.65681e+09	3.65691e+09	0	0
563	1	50	3.65878e+09	3.65882e+09	3.65912e+09	3.66619e+09	1	1
564	0	50	3.66789e+09	3.66793e+09	3.66823e+09	3.66825e+09	0	0
565	1	50	3.67058e+09	3.67062e+09	3.67092e+09	3.67104e+09	1	1
566	0	50	3.67269e+09	3.67273e+09	3.67303e+09	3.67304e+09	0	0
567	1	50	3.67503e+09	3.67508e+09	3.67538e+09	3.67539e+09	1	1
568	0	10	3.67703e+09	3.67708e+09	3.67738e+09	3.67777e+09	0	1
569	1	10	3.67951e+09	3.67954e+09	3.67984e+09	3.6802e+09	0	1
570	1	10	3.68223e+09	3.68227e+09	3.68257e+09	3.6853e+09	0	1
571	1	10	3.68744e+09	3.68748e+09	3.68778e+09	3.68991e+09	0	1
572	0	50	3.69173e+09	3.69177e+09	3.69207e+09	3.69226e+09	1	1
573	0	50	3.69394e+09	3.69398e+09	3.69428e+09	3.69438e+09	1	1
574	0	10	3.69602e+09	3.69606e+09	3.69636e+09	3.69644e+09	1	0
575	0	50	3.69809e+09	3.69814e+09	3.69844e+09	3.69859e+09	0	0
576	1	50	3.70073e+09	3.70077e+09	3.70107e+09	3.70109e+09	1	1
577	0	10	3.70274e+09	3.70278e+09	3.70308e+09	3.70309e+09	1	0
578	0	50	3.70651e+09	3.70655e+09	3.70685e+09	3.70688e+09	1	1
579	0	10	3.70866e+09	3.7087e+09	3.709e+09	3.7092e+09	0	1
580	1	10	3.71414e+09	3.71418e+09	3.71448e+09	3.719e+09	0	1
581	1	10	3.72061e+09	3.72065e+09	3.72095e+09	3.75051e+09	1	0
582	0	10	3.75242e+09	3.75246e+09	3.75276e+09	3.75299e+09	0	1
583	1	10	3.76064e+09	3.76069e+09	3.76099e+09	3.79796e+09	1	0
584	0	50	3.80156e+09	3.8016e+09	3.8019e+09	3.802e+09	0	0
585	1	50	3.80381e+09	3.80385e+09	3.80415e+09	3.80417e+09	1	1
586	0	50	3.80777e+09	3.80782e+09	3.80812e+09	3.80815e+09	1	1
587	0	50	3.80986e+09	3.8099e+09	3.81021e+09	3.81022e+09	0	0
588	1	50	3.81211e+09	3.81215e+09	3.81245e+09	3.81256e+09	1	1
589	0	10	3.8144e+09	3.81444e+09	3.81474e+09	3.81475e+09	0	1
590	1	10	3.81669e+09	3.81673e+09	3.81703e+09	3.81706e+09	0	1
591	1	10	3.81882e+09	3.81886e+09	3.81916e+09	3.82042e+09	0	1
592	1	10	3.82346e+09	3.8235e+09	3.8238e+09	3.8238e+09	0	1
593	0	10	3.82544e+09	3.82548e+09	3.82578e+09	3.82587e+09	0	1
594	0	50	3.82762e+09	3.82766e+09	3.82796e+09	3.82798e+09	1	1
595	0	10	3.82976e+09	3.8298e+09	3.8301e+09	3.83013e+09	1	0
596	0	10	3.83191e+09	3.83195e+09	3.83225e+09	3.83228e+09	0	1
597	1	10	3.83658e+09	3.83662e+09	3.83692e+09	3.83913e+09	1	0
598	0	10	3.8444e+09	3.84445e+09	3.84475e+09	3.84488e+09	0	1
599	1	10	3.84668e+09	3.84672e+09	3.84703e+09	3.85417e+09	0	1
600	1	10	3.8559e+09	3.85595e+09	3.85625e+09	3.85627e+09	1	0
601	0	10	3.85801e+09	3.85804e+09	3.85834e+09	3.85839e+09	1	0
602	0	10	3.86225e+09	3.86229e+09	3.86264e+09	3.86715e+09	0	1
603	1	10	3.87172e+09	3.87176e+09	3.87207e+09	3.87369e+09	0	1
604	1	10	3.87727e+09	3.87732e+09	3.87762e+09	3.89974e+09	0	1
605	1	10	3.90421e+09	3.90425e+09	3.90455e+09	3.91573e+09	0	1
606	0	50	3.92115e+09	3.92118e+09	3.92148e+09	3.93829e+09	1	1
607	0	50	3.94177e+09	3.94181e+09	3.94219e+09	3.94745e+09	1	1
608	0	50	3.95035e+09	3.9504e+09	3.9507e+09	3.95464e+09	0	0
609	1	50	3.95655e+09	3.9566e+09	3.9569e+09	3.95702e+09	1	1
610	0	50	3.95866e+09	3.95869e+09	3.95899e+09	3.959e+09	0	0
611	1	50	3.96518e+09	3.96522e+09	3.96552e+09	3.96811e+09	1	1
612	0	10	3.97129e+09	3.97134e+09	3.97164e+09	3.97171e+09	0	1
613	1	10	3.97365e+09	3.9737e+09	3.974e+09	3.98999e+09	0	1
614	1	10	3.99354e+09	3.99358e+09	3.99388e+09	3.99817e+09	0	1
615	1	10	4.00041e+09	4.00045e+09	4.00075e+09	4.00791e+09	0	1