
001	0	50	6.6171e+06	6.65615e+06	6.95772e+06	7.57852e+06	1	1
002	0	50	1.31041e+07	1.3152e+07	1.34523e+07	1.42049e+07	1	1
003	0	10	2.33421e+07	2.33763e+07	2.36765e+07	2.40099e+07	0	1
004	1	10	2.64499e+07	2.64814e+07	2.67817e+07	2.67883e+07	0	1
005	1	10	2.96919e+07	2.9728e+07	3.00283e+07	3.00371e+07	0	1
006	1	10	3.43368e+07	3.43718e+07	3.4672e+07	3.46858e+07	0	1
007	0	50	3.67125e+07	3.67537e+07	3.70539e+07	3.76962e+07	1	1
008	0	10	3.93237e+07	3.93651e+07	3.96654e+07	4.06167e+07	0	1
009	1	10	4.92053e+07	4.92477e+07	4.9548e+07	5.2203e+07	1	0
010	0	10	5.62289e+07	5.62734e+07	5.65736e+07	5.65857e+07	0	1
011	1	10	5.88022e+07	5.88408e+07	5.9141e+07	5.97145e+07	0	1
012	1	10	6.21435e+07	6.21795e+07	6.24797e+07	6.26376e+07	0	1
013	1	10	6.41813e+07	6.42264e+07	6.45267e+07	6.45314e+07	0	1
014	0	50	6.68181e+07	6.68512e+07	6.71515e+07	6.86039e+07	1	1
015	0	50	7.60791e+07	7.6112e+07	7.64122e+07	7.75519e+07	0	0
016	1	50	8.06185e+07	8.0665e+07	8.09652e+07	8.09729e+07	1	1
017	0	50	8.97731e+07	8.98057e+07	9.01059e+07	9.02007e+07	1	1
018	0	50	9.20627e+07	9.21089e+07	9.24091e+07	9.29294e+07	1	1
019	0	10	1.01968e+08	1.02006e+08	1.02306e+08	1.03296e+08	0	1
020	1	10	1.06245e+08	1.06284e+08	1.06584e+08	1.06726e+08	0	1
021	1	10	1.09198e+08	1.09239e+08	1.09539e+08	1.10294e+08	0	1
022	1	10	1.12416e+08	1.1246e+08	1.1276e+08	1.13614e+08	0	1
023	0	10	1.15756e+08	1.158e+08	1.161e+08	1.18901e+08	0	1
024	0	10	1.20769e+08	1.20809e+08	1.2111e+08	1.21115e+08	0	1
025	0	10	1.23132e+08	1.23173e+08	1.23473e+08	1.23499e+08	0	1
026	0	50	1.26349e+08	1.26395e+08	1.26695e+08	1.27459e+08	1	1
027	0	10	1.32369e+08	1.32409e+08	1.3271e+08	1.32862e+08	0	1
028	1	10	1.35156e+08	1.35192e+08	1.35492e+08	1.35531e+08	0	1
029	1	10	1.4224e+08	1.42273e+08	1.42573e+08	1.4359e+08	0	1
030	1	10	1.46224e+08	1.46256e+08	1.46557e+08	1.46577e+08	0	1
031	0	10	1.48447e+08	1.48482e+08	1.48782e+08	1.4882e+08	0	1
032	0	10	1.5043e+08	1.50464e+08	1.50764e+08	1.5214e+08	0	1
033	0	50	1.5407e+08	1.54109e+08	1.5441e+08	1.56293e+08	1	1
034	0	10	1.62123e+08	1.62165e+08	1.62465e+08	1.62877e+08	0	1
035	1	10	1.66417e+08	1.66451e+08	1.66752e+08	1.66993e+08	0	1
036	1	10	1.68793e+08	1.68831e+08	1.69131e+08	1.69175e+08	0	1
037	1	10	1.71155e+08	1.71191e+08	1.71491e+08	1.71715e+08	0	1
038	0	10	1.73714e+08	1.73751e+08	1.74051e+08	1.7459e+08	0	1
039	0	10	1.76896e+08	1.76932e+08	1.77232e+08	1.77452e+08	0	1
040	0	10	1.81479e+08	1.81514e+08	1.81814e+08	1.81848e+08	0	1
041	0	50	1.83894e+08	1.83933e+08	1.84234e+08	1.85056e+08	1	1
042	0	50	1.86662e+08	1.86702e+08	1.87002e+08	1.87037e+08	1	1
043	0	10	1.93551e+08	1.93585e+08	1.93885e+08	1.94121e+08	0	1
044	1	10	1.98888e+08	1.98931e+08	1.99231e+08	1.99325e+08	0	1
045	1	10	2.02125e+08	2.02171e+08	2.02471e+08	2.0248e+08	0	1
046	1	10	2.04945e+08	2.04996e+08	2.05296e+08	2.05387e+08	0	1
047	0	10	2.07144e+08	2.07192e+08	2.07492e+08	2.07527e+08	0	1
048	0	10	2.09709e+08	2.09755e+08	2.10056e+08	2.11159e+08	0	1
049	0	50	2.13323e+08	2.13354e+08	2.13655e+08	2.15811e+08	1	1
050	0	10	2.23096e+08	2.23136e+08	2.23436e+08	2.23858e+08	0	1
051	1	10	2.29289e+08	2.29322e+08	2.29622e+08	2.29716e+08	0	1
052	1	10	2.32103e+08	2.32141e+08	2.32442e+08	2.32674e+08	1	0
053	0	50	2.36799e+08	2.36843e+08	2.37143e+08	2.37438e+08	0	0
054	1	50	2.41994e+08	2.42027e+08	2.42327e+08	2.425e+08	1	1
055	0	50	2.56977e+08	2.57011e+08	2.57311e+08	2.57391e+08	1	1
056	0	50	2.59616e+08	2.59657e+08	2.59957e+08	2.60316e+08	1	1
057	0	50	2.67088e+08	2.6713e+08	2.6743e+08	2.69556e+08	1	1
058	0	10	2.71352e+08	2.71386e+08	2.71687e+08	2.72756e+08	0	1
059	1	10	2.74465e+08	2.74508e+08	2.74808e+08	2.81757e+08	0	1
060	1	10	2.85043e+08	2.85084e+08	2.85384e+08	2.90532e+08	0	1
061	1	10	2.92376e+08	2.92423e+08	2.92723e+08	2.95597e+08	0	1
062	0	10	3.00382e+08	3.00416e+08	3.00717e+08	3.06455e+08	0	1
063	0	10	3.13744e+08	3.13787e+08	3.14087e+08	3.21006e+08	0	1
064	0	10	3.22555e+08	3.22589e+08	3.22889e+08	3.23922e+08	0	1
065	0	10	3.25484e+08	3.25531e+08	3.25831e+08	3.26259e+08	0	1
066	0	50	3.28452e+08	3.28492e+08	3.28792e+08	3.43309e+08	1	1
067	0	50	3.46903e+08	3.46938e+08	3.47238e+08	3.49727e+08	1	1
068	0	50	3.51322e+08	3.51371e+08	3.51671e+08	3.51919e+08	1	1
069	0	10	3.53577e+08	3.53612e+08	3.53913e+08	3.54758e+08	0	1
070	1	10	3.56649e+08	3.56692e+08	3.56992e+08	3.5713e+08	0	1
071	1	10	3.59112e+08	3.59144e+08	3.59444e+08	3.5991e+08	0	1
072	1	10	3.61752e+08	3.6179e+08	3.6209e+08	3.63637e+08	0	1
073	0	50	3.68261e+08	3.68296e+08	3.68596e+08	3.70941e+08	1	1
074	0	10	3.74679e+08	3.74712e+08	3.75012e+08	3.75809e+08	0	1
075	1	10	3.77558e+08	3.77597e+08	3.77897e+08	3.77928e+08	0	1
076	1	10	3.79892e+08	3.79932e+08	3.80232e+08	3.80745e+08	0	1
077	1	10	3.83288e+08	3.8332e+08	3.83621e+08	3.86332e+08	0	1
078	0	50	3.88253e+08	3.88284e+08	3.88585e+08	3.89238e+08	1	1
079	0	50	3.9098e+08	3.91021e+08	3.91321e+08	3.91336e+08	1	1
080	0	10	3.98277e+08	3.98316e+08	3.98617e+08	3.99505e+08	0	1
081	1	10	4.01074e+08	4.01119e+08	4.01419e+08	4.02122e+08	0	1
082	1	10	4.03678e+08	4.03714e+08	4.04014e+08	4.06471e+08	0	1
083	1	10	4.10889e+08	4.1092e+08	4.1122e+08	4.11234e+08	0	1
084	0	50	4.1297e+08	4.13008e+08	4.13308e+08	4.15024e+08	1	1
085	0	50	4.16915e+08	4.16963e+08	4.17264e+08	4.19445e+08	1	1
086	0	10	4.2309e+08	4.23136e+08	4.23437e+08	4.25586e+08	0	1
087	1	10	4.28112e+08	4.28144e+08	4.28445e+08	4.2989e+08	0	1
088	1	10	4.31458e+08	4.31492e+08	4.31793e+08	4.33514e+08	0	1
089	1	10	4.41346e+08	4.4139e+08	4.4169e+08	4.42185e+08	0	1
090	0	10	4.46388e+08	4.46434e+08	4.46734e+08	4.50682e+08	0	1
091	0	10	4.54885e+08	4.54924e+08	4.55225e+08	4.62612e+08	0	1
092	0	10	4.69857e+08	4.69897e+08	4.70197e+08	4.71499e+08	0	1
093	0	50	4.73067e+08	4.731e+08	4.73401e+08	4.75323e+08	1	1
094	0	50	4.77057e+08	4.77092e+08	4.77392e+08	4.79691e+08	1	1
095	0	10	4.81692e+08	4.81734e+08	4.82034e+08	4.82174e+08	1	0
096	0	10	4.86869e+08	4.86902e+08	4.87202e+08	4.8736e+08	0	1
097	1	10	4.89083e+08	4.89128e+08	4.89428e+08	4.90437e+08	0	1
098	1	10	4.92279e+08	4.92315e+08	4.92615e+08	4.92924e+08	0	1
099	1	10	4.96896e+08	4.9694e+08	4.9724e+08	4.97895e+08	0	1
100	0	10	5.00839e+08	5.00889e+08	5.0119e+08	5.02467e+08	0	1
101	0	50	5.04105e+08	5.04137e+08	5.04438e+08	5.05664e+08	1	1
102	0	50	5.10661e+08	5.107e+08	5.11e+08	5.18335e+08	1	1
103	0	50	5.24411e+08	5.24448e+08	5.24749e+08	5.28349e+08	1	1
104	0	50	5.29936e+08	5.29974e+08	5.30274e+08	5.34574e+08	1	1
105	0	10	5.36626e+08	5.3667e+08	5.3697e+08	5.37116e+08	0	1
106	1	10	5.38685e+08	5.38717e+08	5.39017e+08	5.44635e+08	0	1
107	1	10	5.47667e+08	5.47708e+08	5.48009e+08	5.48372e+08	0	1
108	1	10	5.5354e+08	5.5358e+08	5.5388e+08	5.63509e+08	0	1
109	0	50	5.65527e+08	5.65572e+08	5.65872e+08	5.65884e+08	1	1
110	0	10	5.69893e+08	5.69932e+08	5.70232e+08	5.81086e+08	0	1
111	1	10	5.82655e+08	5.82688e+08	5.82989e+08	5.82996e+08	0	1
112	1	10	5.84794e+08	5.84836e+08	5.85136e+08	5.86379e+08	0	1
113	1	10	5.88758e+08	5.88803e+08	5.89103e+08	5.89998e+08	0	1
114	0	50	5.92286e+08	5.92334e+08	5.92634e+08	5.95635e+08	1	1
115	0	10	6.00356e+08	6.00396e+08	6.00696e+08	6.01293e+08	0	1
116	1	10	6.02899e+08	6.02943e+08	6.03244e+08	6.03839e+08	0	1
117	1	10	6.05731e+08	6.05763e+08	6.06063e+08	6.06556e+08	0	1
118	1	10	6.09142e+08	6.09175e+08	6.09475e+08	6.10081e+08	0	1
119	0	50	6.16445e+08	6.1649e+08	6.16791e+08	6.18172e+08	1	1
120	0	50	6.19935e+08	6.19968e+08	6.20268e+08	6.20703e+08	1	1
121	0	10	6.27592e+08	6.27631e+08	6.27932e+08	6.27954e+08	0	1
122	1	10	6.31627e+08	6.3166e+08	6.3196e+08	6.32262e+08	0	1
123	1	10	6.35266e+08	6.35309e+08	6.3561e+08	6.36015e+08	0	1
124	1	10	6.37891e+08	6.37937e+08	6.38237e+08	6.39446e+08	0	1
125	0	10	6.41272e+08	6.41309e+08	6.41609e+08	6.42134e+08	0	1
126	0	10	6.46949e+08	6.46987e+08	6.47287e+08	6.48996e+08	0	1
127	0	10	6.53337e+08	6.5338e+08	6.5368e+08	6.57489e+08	0	1
128	0	10	6.59058e+08	6.59091e+08	6.59392e+08	6.61632e+08	0	1
129	0	10	6.63192e+08	6.63228e+08	6.63528e+08	6.63764e+08	0	1
130	0	50	6.66795e+08	6.66839e+08	6.67139e+08	6.72145e+08	1	1
131	0	50	6.73889e+08	6.73923e+08	6.74223e+08	6.78398e+08	1	1
132	0	50	6.80124e+08	6.8017e+08	6.8047e+08	6.81002e+08	1	1
133	0	10	6.82598e+08	6.82642e+08	6.82942e+08	6.85989e+08	0	1
134	1	10	6.8821e+08	6.88253e+08	6.88554e+08	6.89285e+08	0	1
135	1	10	6.9283e+08	6.92869e+08	6.93169e+08	6.93675e+08	0	1
136	1	10	6.96173e+08	6.96208e+08	6.96508e+08	6.97578e+08	0	1
137	0	10	7.00483e+08	7.00525e+08	7.00825e+08	7.02003e+08	0	1
138	0	10	7.06934e+08	7.06968e+08	7.07269e+08	7.08492e+08	0	1
139	0	10	7.10893e+08	7.1094e+08	7.1124e+08	7.1129e+08	0	1
140	0	10	7.13683e+08	7.13723e+08	7.14023e+08	7.18428e+08	0	1
141	0	10	7.22802e+08	7.22838e+08	7.23139e+08	7.30595e+08	0	1
142	0	50	7.34336e+08	7.34377e+08	7.34677e+08	7.35964e+08	1	1
143	0	10	7.39224e+08	7.39264e+08	7.39564e+08	7.39611e+08	0	1
144	1	10	7.44918e+08	7.44962e+08	7.45262e+08	7.46744e+08	0	1
145	1	10	7.48928e+08	7.48965e+08	7.49265e+08	7.50894e+08	0	1
146	1	10	7.54285e+08	7.54316e+08	7.54616e+08	7.56412e+08	0	1
147	0	10	7.58312e+08	7.58355e+08	7.58655e+08	7.58735e+08	0	1
148	0	50	7.60768e+08	7.60809e+08	7.61109e+08	7.61777e+08	1	1
149	0	10	7.64813e+08	7.64846e+08	7.65146e+08	7.66548e+08	0	1
150	1	10	7.70958e+08	7.70991e+08	7.71291e+08	7.76138e+08	0	1
151	1	10	7.77714e+08	7.77751e+08	7.78051e+08	7.79548e+08	0	1
152	1	10	7.84939e+08	7.84976e+08	7.85277e+08	7.86232e+08	0	1
153	0	50	7.88101e+08	7.88139e+08	7.88439e+08	7.90608e+08	1	1
154	0	50	7.94788e+08	7.94827e+08	7.95127e+08	7.96632e+08	1	1
155	0	50	8.01821e+08	8.01863e+08	8.02164e+08	8.02792e+08	1	1
156	0	10	8.08451e+08	8.08483e+08	8.08784e+08	8.12659e+08	0	1
157	1	10	8.1459e+08	8.14624e+08	8.14924e+08	8.15783e+08	0	1
158	1	10	8.1755e+08	8.17585e+08	8.17886e+08	8.18694e+08	0	1
159	1	10	8.20465e+08	8.2051e+08	8.20811e+08	8.21075e+08	0	1
160	0	10	8.24203e+08	8.24245e+08	8.24546e+08	8.2535e+08	0	1
161	0	10	8.26974e+08	8.27013e+08	8.27313e+08	8.31951e+08	0	1
162	0	50	8.36608e+08	8.36641e+08	8.36941e+08	8.41726e+08	1	1
163	0	50	8.48925e+08	8.48973e+08	8.49273e+08	8.49891e+08	1	1
164	0	10	8.54651e+08	8.54696e+08	8.54997e+08	8.5559e+08	0	1
165	1	10	8.67632e+08	8.6767e+08	8.6797e+08	8.72918e+08	0	1
166	1	10	8.80793e+08	8.80823e+08	8.81123e+08	8.84948e+08	0	1
167	1	10	8.89418e+08	8.89464e+08	8.89765e+08	8.95605e+08	0	1
168	0	10	9.00961e+08	9.01003e+08	9.01303e+08	9.10301e+08	0	1
169	0	50	9.15791e+08	9.15839e+08	9.16139e+08	9.16679e+08	1	1
170	0	10	9.18283e+08	9.18325e+08	9.18625e+08	9.23598e+08	0	1
171	1	10	9.25951e+08	9.25988e+08	9.26289e+08	9.31235e+08	0	1
172	1	10	9.33418e+08	9.3345e+08	9.33751e+08	9.38546e+08	0	1
173	1	10	9.46629e+08	9.46664e+08	9.46964e+08	9.46992e+08	1	0
174	0	50	9.48688e+08	9.48724e+08	9.49024e+08	9.56874e+08	1	1
175	0	50	9.6058e+08	9.6062e+08	9.6092e+08	9.76832e+08	1	1
176	0	10	9.7864e+08	9.78673e+08	9.78974e+08	9.80781e+08	0	1
177	1	10	9.82354e+08	9.82402e+08	9.82702e+08	9.84347e+08	0	1
178	1	10	9.87306e+08	9.87339e+08	9.87639e+08	9.88116e+08	0	1
179	1	10	9.89681e+08	9.89728e+08	9.90028e+08	1.011e+09	0	1
180	0	50	1.01257e+09	1.01262e+09	1.01292e+09	1.01564e+09	1	1
181	0	50	1.01891e+09	1.01895e+09	1.01925e+09	1.02324e+09	1	1
182	0	50	1.03121e+09	1.03125e+09	1.03155e+09	1.03203e+09	1	1
183	0	50	1.03362e+09	1.03366e+09	1.03396e+09	1.03447e+09	1	1
184	0	10	1.03753e+09	1.03757e+09	1.03787e+09	1.0379e+09	0	1
185	1	10	1.0406e+09	1.04063e+09	1.04093e+09	1.04294e+09	0	1
186	1	10	1.04473e+09	1.04477e+09	1.04507e+09	1.06029e+09	0	1
187	1	10	1.06211e+09	1.06215e+09	1.06245e+09	1.0667e+09	0	1
188	0	50	1.06827e+09	1.06832e+09	1.06862e+09	1.07413e+09	1	1
189	0	10	1.07854e+09	1.07859e+09	1.07889e+09	1.08064e+09	0	1
190	1	10	1.08232e+09	1.08236e+09	1.08266e+09	1.08548e+09	0	1
191	1	10	1.08787e+09	1.0879e+09	1.0882e+09	1.08904e+09	0	1
192	1	10	1.09548e+09	1.09552e+09	1.09582e+09	1.09695e+09	0	1
193	0	50	1.10187e+09	1.10191e+09	1.10222e+09	1.10228e+09	1	1
194	0	10	1.10425e+09	1.10429e+09	1.10459e+09	1.10573e+09	0	1
195	1	10	1.11479e+09	1.11482e+09	1.11512e+09	1.12723e+09	0	1
196	1	10	1.12903e+09	1.12907e+09	1.12937e+09	1.13283e+09	0	1
197	1	10	1.1348e+09	1.13484e+09	1.13514e+09	1.14044e+09	0	1
198	0	50	1.14233e+09	1.14237e+09	1.14267e+09	1.15784e+09	1	1
199	0	10	1.15945e+09	1.15948e+09	1.15978e+09	1.16095e+09	0	1
200	1	10	1.16323e+09	1.16327e+09	1.16357e+09	1.16617e+09	0	1
201	1	10	1.16774e+09	1.16779e+09	1.16809e+09	1.18042e+09	0	1
202	1	10	1.18253e+09	1.18256e+09	1.18286e+09	1.18466e+09	0	1
203	0	50	1.18691e+09	1.18695e+09	1.18725e+09	1.19021e+09	1	1
204	0	50	1.19267e+09	1.1927e+09	1.193e+09	1.19306e+09	1	1
205	0	10	1.19478e+09	1.19483e+09	1.19513e+09	1.19684e+09	0	1
206	1	10	1.19859e+09	1.19862e+09	1.19892e+09	1.20108e+09	0	1
207	1	10	1.20266e+09	1.2027e+09	1.203e+09	1.20583e+09	0	1
208	1	10	1.20757e+09	1.2076e+09	1.2079e+09	1.21455e+09	0	1
209	0	10	1.21617e+09	1.2162e+09	1.2165e+09	1.21749e+09	0	1
210	0	10	1.22008e+09	1.22012e+09	1.22042e+09	1.22096e+09	0	1
211	0	10	1.22312e+09	1.22316e+09	1.22346e+09	1.22586e+09	0	1
212	0	10	1.22754e+09	1.22758e+09	1.22788e+09	1.23374e+09	0	1
213	0	10	1.23544e+09	1.23548e+09	1.23578e+09	1.24149e+09	0	1
214	0	10	1.24389e+09	1.24393e+09	1.24423e+09	1.24752e+09	0	1
215	0	10	1.2494e+09	1.24943e+09	1.24973e+09	1.26171e+09	0	1
216	0	50	1.26409e+09	1.26413e+09	1.26443e+09	1.26475e+09	1	1
217	0	10	1.26703e+09	1.26708e+09	1.26738e+09	1.26743e+09	0	1
218	1	10	1.26966e+09	1.26969e+09	1.27e+09	1.27937e+09	1	0
219	0	50	1.28341e+09	1.28345e+09	1.28375e+09	1.28874e+09	1	1
220	0	50	1.29113e+09	1.29116e+09	1.29146e+09	1.29151e+09	0	0
221	1	50	1.29517e+09	1.29521e+09	1.29551e+09	1.2967e+09	1	1
222	0	10	1.29835e+09	1.29839e+09	1.29869e+09	1.30078e+09	0	1
223	1	10	1.30345e+09	1.30349e+09	1.30379e+09	1.3125e+09	0	1
224	1	10	1.31407e+09	1.31412e+09	1.31442e+09	1.31693e+09	0	1
225	1	10	1.32021e+09	1.32026e+09	1.32056e+09	1.32267e+09	0	1
226	0	10	1.32432e+09	1.32435e+09	1.32465e+09	1.32677e+09	0	1
227	0	50	1.32865e+09	1.32869e+09	1.32899e+09	1.33234e+09	1	1
228	0	50	1.33463e+09	1.33468e+09	1.33498e+09	1.33513e+09	1	1
229	0	50	1.34128e+09	1.34131e+09	1.34161e+09	1.34241e+09	1	1
230	0	10	1.3444e+09	1.34444e+09	1.34474e+09	1.34555e+09	0	1
231	1	10	1.34905e+09	1.34908e+09	1.34938e+09	1.35013e+09	0	1
232	1	10	1.3529e+09	1.35294e+09	1.35324e+09	1.35663e+09	0	1
233	1	10	1.35888e+09	1.35892e+09	1.35922e+09	1.36115e+09	0	1
234	0	50	1.36296e+09	1.363e+09	1.3633e+09	1.36371e+09	1	1
235	0	50	1.36603e+09	1.36608e+09	1.36638e+09	1.36713e+09	1	1
236	0	10	1.3715e+09	1.37154e+09	1.37184e+09	1.37327e+09	1	0
237	0	50	1.37488e+09	1.37491e+09	1.37521e+09	1.37855e+09	1	1
238	0	10	1.38507e+09	1.38511e+09	1.38541e+09	1.38668e+09	0	1
239	1	10	1.38837e+09	1.38841e+09	1.38871e+09	1.39489e+09	0	1
240	1	10	1.39703e+09	1.39707e+09	1.39737e+09	1.39901e+09	0	1
241	1	10	1.40058e+09	1.40063e+09	1.40093e+09	1.40272e+09	0	1
242	0	10	1.40487e+09	1.4049e+09	1.4052e+09	1.40782e+09	0	1
243	0	10	1.40972e+09	1.40976e+09	1.41006e+09	1.41145e+09	1	0
244	0	10	1.41542e+09	1.41545e+09	1.41575e+09	1.41616e+09	0	1
245	1	10	1.41828e+09	1.41832e+09	1.41862e+09	1.4208e+09	1	0
246	0	10	1.42632e+09	1.42635e+09	1.42665e+09	1.42923e+09	0	1
247	1	10	1.4309e+09	1.43095e+09	1.43125e+09	1.43345e+09	0	1
248	1	10	1.43502e+09	1.43507e+09	1.43537e+09	1.43618e+09	0	1
249	1	10	1.43929e+09	1.43933e+09	1.43963e+09	1.44525e+09	0	1
250	0	10	1.44711e+09	1.44716e+09	1.44746e+09	1.44762e+09	0	1
251	0	10	1.45089e+09	1.45094e+09	1.45124e+09	1.45339e+09	0	1
252	0	50	1.46326e+09	1.46329e+09	1.46359e+09	1.46636e+09	1	1
253	0	50	1.46797e+09	1.468e+09	1.4683e+09	1.47435e+09	1	1
254	0	50	1.47936e+09	1.4794e+09	1.4797e+09	1.4844e+09	1	1
255	0	50	1.48694e+09	1.48698e+09	1.48728e+09	1.48733e+09	1	1
256	0	50	1.49063e+09	1.49068e+09	1.49098e+09	1.49127e+09	1	1
257	0	50	1.49357e+09	1.49361e+09	1.49391e+09	1.49393e+09	1	1
258	0	10	1.49627e+09	1.49631e+09	1.49661e+09	1.49714e+09	0	1
259	1	10	1.5004e+09	1.50044e+09	1.50074e+09	1.50222e+09	0	1
260	1	10	1.50483e+09	1.50487e+09	1.50517e+09	1.50924e+09	0	1
261	1	10	1.51095e+09	1.51099e+09	1.51129e+09	1.52178e+09	0	1
262	0	50	1.52396e+09	1.524e+09	1.5243e+09	1.52651e+09	1	1
263	0	50	1.52811e+09	1.52814e+09	1.52844e+09	1.52865e+09	1	1
264	0	50	1.53036e+09	1.53039e+09	1.5307e+09	1.53105e+09	1	1
265	0	50	1.53517e+09	1.53522e+09	1.53552e+09	1.53587e+09	1	1
266	0	50	1.54351e+09	1.54356e+09	1.54386e+09	1.54622e+09	1	1
267	0	50	1.54783e+09	1.54786e+09	1.54816e+09	1.54848e+09	1	1
268	0	10	1.5522e+09	1.55223e+09	1.55253e+09	1.5527e+09	0	1
269	1	10	1.55669e+09	1.55673e+09	1.55703e+09	1.56042e+09	0	1
270	1	10	1.5624e+09	1.56244e+09	1.56274e+09	1.56566e+09	0	1
271	1	10	1.5682e+09	1.56823e+09	1.56853e+09	1.57652e+09	0	1
272	0	10	1.58113e+09	1.58117e+09	1.58147e+09	1.58498e+09	0	1
273	0	10	1.58679e+09	1.58683e+09	1.58713e+09	1.59129e+09	0	1
274	0	50	1.59311e+09	1.59314e+09	1.59344e+09	1.59382e+09	1	1
275	0	10	1.59837e+09	1.5984e+09	1.5987e+09	1.59953e+09	1	0
276	0	10	1.60117e+09	1.60121e+09	1.60151e+09	1.60291e+09	0	1
277	1	10	1.6048e+09	1.60485e+09	1.60515e+09	1.61345e+09	0	1
278	1	10	1.61612e+09	1.61616e+09	1.61646e+09	1.61999e+09	0	1
279	1	10	1.6233e+09	1.62335e+09	1.62365e+09	1.62693e+09	0	1
280	0	50	1.62913e+09	1.62917e+09	1.62947e+09	1.63316e+09	1	1
281	0	50	1.63482e+09	1.63485e+09	1.63516e+09	1.63537e+09	1	1
282	0	50	1.64108e+09	1.64111e+09	1.64141e+09	1.64432e+09	1	1
283	0	10	1.6476e+09	1.64763e+09	1.64793e+09	1.64798e+09	1	0
284	0	50	1.64971e+09	1.64975e+09	1.65005e+09	1.65006e+09	1	1
285	0	50	1.65421e+09	1.65425e+09	1.65455e+09	1.65552e+09	0	0
286	1	50	1.65786e+09	1.6579e+09	1.6582e+09	1.66247e+09	1	1
287	0	50	1.6641e+09	1.66414e+09	1.66444e+09	1.66494e+09	0	0
288	1	50	1.6672e+09	1.66724e+09	1.66754e+09	1.66856e+09	0	0
289	1	50	1.67317e+09	1.67321e+09	1.67351e+09	1.67793e+09	0	0
290	1	50	1.68072e+09	1.68076e+09	1.68106e+09	1.68467e+09	0	0
291	0	50	1.68729e+09	1.68733e+09	1.68763e+09	1.69296e+09	1	1
292	0	10	1.69804e+09	1.69807e+09	1.69837e+09	1.69901e+09	0	1
293	1	10	1.70078e+09	1.70081e+09	1.70111e+09	1.70769e+09	0	1
294	1	10	1.70968e+09	1.70972e+09	1.71002e+09	1.71204e+09	0	1
295	1	10	1.71362e+09	1.71365e+09	1.71395e+09	1.71796e+09	1	0
296	0	50	1.72119e+09	1.72124e+09	1.72154e+09	1.72239e+09	1	1
297	0	50	1.72433e+09	1.72436e+09	1.72474e+09	1.72506e+09	1	1
298	0	50	1.72897e+09	1.729e+09	1.7293e+09	1.72984e+09	1	1
299	0	50	1.73416e+09	1.7342e+09	1.7345e+09	1.73493e+09	0	0
300	1	50	1.73713e+09	1.73716e+09	1.73747e+09	1.74077e+09	0	0
301	1	50	1.74374e+09	1.74378e+09	1.74408e+09	1.74632e+09	0	0
302	1	50	1.74805e+09	1.74809e+09	1.74839e+09	1.75148e+09	1	1
303	0	10	1.7531e+09	1.75314e+09	1.75344e+09	1.75504e+09	0	1
304	1	10	1.75663e+09	1.75667e+09	1.75697e+09	1.76076e+09	0	1
305	1	10	1.76324e+09	1.76328e+09	1.76358e+09	1.76722e+09	1	0
306	0	50	1.7716e+09	1.77164e+09	1.77194e+09	1.77329e+09	1	1
307	0	10	1.77791e+09	1.77794e+09	1.77824e+09	1.77911e+09	0	1
308	1	10	1.78079e+09	1.78083e+09	1.78113e+09	1.7824e+09	1	0
309	0	50	1.78413e+09	1.78417e+09	1.78447e+09	1.78594e+09	1	1
310	0	10	1.78774e+09	1.78779e+09	1.78809e+09	1.78888e+09	1	0
311	0	10	1.79049e+09	1.79053e+09	1.79083e+09	1.7918e+09	0	1
312	1	10	1.79397e+09	1.794e+09	1.7943e+09	1.79898e+09	1	0
313	0	50	1.80117e+09	1.80121e+09	1.80151e+09	1.80294e+09	1	1
314	0	50	1.80765e+09	1.80769e+09	1.80799e+09	1.81008e+09	0	0
315	1	50	1.81238e+09	1.81242e+09	1.81272e+09	1.81604e+09	0	0
316	1	50	1.81873e+09	1.81877e+09	1.81907e+09	1.82551e+09	1	1
317	0	50	1.82713e+09	1.82718e+09	1.82748e+09	1.82777e+09	1	1
318	0	50	1.83134e+09	1.83138e+09	1.83168e+09	1.83414e+09	1	1
319	0	50	1.83575e+09	1.83579e+09	1.83609e+09	1.8421e+09	1	1
320	0	10	1.84372e+09	1.84376e+09	1.84406e+09	1.84616e+09	0	1
321	1	10	1.84977e+09	1.84981e+09	1.85011e+09	1.85251e+09	0	1
322	1	10	1.85459e+09	1.85463e+09	1.85493e+09	1.8576e+09	0	1
323	1	10	1.85988e+09	1.85992e+09	1.86022e+09	1.86517e+09	0	1
324	0	50	1.87317e+09	1.87322e+09	1.87352e+09	1.87355e+09	0	0
325	0	50	1.87668e+09	1.87672e+09	1.87703e+09	1.87734e+09	1	1
326	0	50	1.87904e+09	1.87907e+09	1.87937e+09	1.88133e+09	1	1
327	0	50	1.88983e+09	1.88986e+09	1.89017e+09	1.89297e+09	1	1
328	0	50	1.89546e+09	1.89549e+09	1.89579e+09	1.89584e+09	1	1
329	0	50	1.89806e+09	1.8981e+09	1.8984e+09	1.89842e+09	1	1
330	0	10	1.90005e+09	1.90008e+09	1.90038e+09	1.90079e+09	0	1
331	1	10	1.90484e+09	1.90488e+09	1.90518e+09	1.91013e+09	0	1
332	1	10	1.91217e+09	1.91221e+09	1.91251e+09	1.91659e+09	0	1
333	1	10	1.91994e+09	1.91998e+09	1.92028e+09	1.92072e+09	0	1
334	0	10	1.92238e+09	1.92241e+09	1.92271e+09	1.9232e+09	0	1
335	0	10	1.92513e+09	1.92517e+09	1.92547e+09	1.93012e+09	0	1
336	0	10	1.93474e+09	1.93478e+09	1.93509e+09	1.94058e+09	0	1
337	0	50	1.94234e+09	1.94238e+09	1.94268e+09	1.94304e+09	1	1
338	0	50	1.94465e+09	1.94469e+09	1.94499e+09	1.94507e+09	1	1
339	0	50	1.94669e+09	1.94673e+09	1.94703e+09	1.94781e+09	1	1
340	0	50	1.95012e+09	1.95016e+09	1.95046e+09	1.95135e+09	1	1
341	0	50	1.95744e+09	1.95747e+09	1.95777e+09	1.96138e+09	1	1
342	0	50	1.96357e+09	1.96362e+09	1.96392e+09	1.96392e+09	1	1
343	0	50	1.96846e+09	1.96851e+09	1.96881e+09	1.97267e+09	1	1
344	0	10	1.97429e+09	1.97433e+09	1.97463e+09	1.97475e+09	0	1
345	1	10	1.97657e+09	1.97661e+09	1.97691e+09	1.97847e+09	0	1
346	1	10	1.98083e+09	1.98086e+09	1.98116e+09	1.98679e+09	0	1
347	1	10	1.98855e+09	1.98859e+09	1.98889e+09	1.9923e+09	0	1
348	0	50	1.99523e+09	1.99527e+09	1.99557e+09	1.99596e+09	1	1
349	0	50	1.99758e+09	1.99762e+09	1.99792e+09	2.00338e+09	1	1
350	0	50	2.00628e+09	2.00632e+09	2.00662e+09	2.00965e+09	1	1
351	0	50	2.01186e+09	2.01189e+09	2.01219e+09	2.01247e+09	1	1
352	0	50	2.01705e+09	2.0171e+09	2.0174e+09	2.01991e+09	1	1
353	0	50	2.02417e+09	2.02421e+09	2.02451e+09	2.02462e+09	1	1
354	0	50	2.02625e+09	2.02629e+09	2.02659e+09	2.02758e+09	1	1
355	0	50	2.0292e+09	2.02925e+09	2.02955e+09	2.03013e+09	1	1
356	0	10	2.03377e+09	2.03382e+09	2.03412e+09	2.03491e+09	0	1
357	1	10	2.03736e+09	2.0374e+09	2.0377e+09	2.04086e+09	0	1
358	1	10	2.04379e+09	2.04382e+09	2.04412e+09	2.04621e+09	0	1
359	1	10	2.05032e+09	2.05035e+09	2.05065e+09	2.05338e+09	0	1
360	0	10	2.05637e+09	2.05642e+09	2.05672e+09	2.06266e+09	1	0
361	0	50	2.06763e+09	2.06767e+09	2.06797e+09	2.07087e+09	1	1
362	0	50	2.07453e+09	2.07458e+09	2.07488e+09	2.07604e+09	1	1
363	0	10	2.07842e+09	2.07846e+09	2.07876e+09	2.08234e+09	0	1
364	1	10	2.08393e+09	2.08397e+09	2.08427e+09	2.08549e+09	0	1
365	1	10	2.08868e+09	2.08872e+09	2.08902e+09	2.09301e+09	0	1
366	1	10	2.09581e+09	2.09584e+09	2.09615e+09	2.09959e+09	0	1
367	0	10	2.10204e+09	2.10207e+09	2.10237e+09	2.10802e+09	0	1
368	0	10	2.11257e+09	2.11261e+09	2.11291e+09	2.11315e+09	1	0
369	0	50	2.11792e+09	2.11796e+09	2.11826e+09	2.12164e+09	1	1
370	0	10	2.12326e+09	2.1233e+09	2.1236e+09	2.12429e+09	0	1
371	1	10	2.1264e+09	2.12644e+09	2.12674e+09	2.12818e+09	0	1
372	1	10	2.13112e+09	2.13115e+09	2.13145e+09	2.13562e+09	0	1
373	1	10	2.13776e+09	2.1378e+09	2.1381e+09	2.14204e+09	0	1
374	0	50	2.14493e+09	2.14497e+09	2.14527e+09	2.15031e+09	1	1
375	0	50	2.15193e+09	2.15197e+09	2.15227e+09	2.15228e+09	1	1
376	0	10	2.157e+09	2.15705e+09	2.15735e+09	2.16258e+09	1	0
377	0	10	2.1642e+09	2.16424e+09	2.16454e+09	2.16522e+09	0	1
378	1	10	2.169e+09	2.16903e+09	2.16933e+09	2.17316e+09	0	1
379	1	10	2.17602e+09	2.17606e+09	2.17636e+09	2.17835e+09	0	1
380	1	10	2.18086e+09	2.18091e+09	2.18121e+09	2.1845e+09	0	1
381	0	10	2.18651e+09	2.18654e+09	2.18684e+09	2.19071e+09	0	1
382	0	50	2.19241e+09	2.19245e+09	2.19275e+09	2.19521e+09	1	1
383	0	50	2.19959e+09	2.19962e+09	2.19992e+09	2.20019e+09	1	1
384	0	50	2.20356e+09	2.2036e+09	2.2039e+09	2.20412e+09	1	1
385	0	10	2.20631e+09	2.20635e+09	2.20666e+09	2.20694e+09	0	1
386	1	10	2.2101e+09	2.21014e+09	2.21044e+09	2.21099e+09	0	1
387	1	10	2.21319e+09	2.21322e+09	2.21352e+09	2.21813e+09	0	1
388	1	10	2.22062e+09	2.22065e+09	2.22095e+09	2.22526e+09	0	1
389	0	10	2.22739e+09	2.22743e+09	2.22773e+09	2.22862e+09	0	1
390	0	50	2.23034e+09	2.23039e+09	2.23069e+09	2.23504e+09	1	1
391	0	10	2.23708e+09	2.23712e+09	2.23742e+09	2.23832e+09	0	1
392	1	10	2.24045e+09	2.24049e+09	2.24079e+09	2.24462e+09	0	1
393	1	10	2.24929e+09	2.24932e+09	2.24962e+09	2.25354e+09	0	1
394	1	10	2.25519e+09	2.25523e+09	2.25553e+09	2.25854e+09	0	1
395	0	50	2.26067e+09	2.2607e+09	2.261e+09	2.27183e+09	1	1
396	0	10	2.27447e+09	2.27451e+09	2.27481e+09	2.2776e+09	0	1
397	1	10	2.28057e+09	2.2806e+09	2.2809e+09	2.28483e+09	1	0
398	0	50	2.28974e+09	2.28978e+09	2.29008e+09	2.29362e+09	1	1
399	0	10	2.29524e+09	2.29528e+09	2.29558e+09	2.29622e+09	0	1
400	1	10	2.2981e+09	2.29813e+09	2.29843e+09	2.30184e+09	1	0
401	0	50	2.30376e+09	2.30379e+09	2.30409e+09	2.3042e+09	1	1
402	0	10	2.30739e+09	2.30742e+09	2.30772e+09	2.32193e+09	1	0
403	0	10	2.32367e+09	2.3237e+09	2.324e+09	2.32471e+09	0	1
404	1	10	2.32677e+09	2.32681e+09	2.32711e+09	2.3302e+09	1	0
405	0	50	2.33237e+09	2.33241e+09	2.33271e+09	2.33327e+09	0	0
406	1	50	2.33569e+09	2.33572e+09	2.33602e+09	2.33906e+09	0	0
407	1	50	2.34106e+09	2.3411e+09	2.3414e+09	2.34603e+09	1	1
408	0	50	2.34766e+09	2.3477e+09	2.348e+09	2.34852e+09	0	0
409	1	50	2.35131e+09	2.35135e+09	2.35165e+09	2.35423e+09	1	1
410	0	50	2.35591e+09	2.35594e+09	2.35624e+09	2.35657e+09	0	0
411	1	50	2.36026e+09	2.3603e+09	2.3606e+09	2.36603e+09	1	1
412	0	10	2.37135e+09	2.37138e+09	2.37168e+09	2.37655e+09	0	1
413	1	10	2.37848e+09	2.37852e+09	2.37882e+09	2.38388e+09	0	1
414	1	10	2.38559e+09	2.38563e+09	2.38593e+09	2.39367e+09	0	1
415	1	10	2.39668e+09	2.39673e+09	2.39703e+09	2.41029e+09	0	1
416	0	10	2.41291e+09	2.41295e+09	2.41325e+09	2.42076e+09	0	1
417	0	50	2.42302e+09	2.42306e+09	2.42336e+09	2.47821e+09	1	1
418	0	10	2.48132e+09	2.48135e+09	2.48165e+09	2.48189e+09	0	1
419	1	10	2.48486e+09	2.48491e+09	2.48521e+09	2.48575e+09	0	1
420	1	10	2.48752e+09	2.48756e+09	2.48786e+09	2.49309e+09	0	1
421	1	10	2.49469e+09	2.49474e+09	2.49504e+09	2.49758e+09	0	1
422	0	50	2.49918e+09	2.49923e+09	2.49953e+09	2.50542e+09	1	1
423	0	10	2.50705e+09	2.5071e+09	2.5074e+09	2.50798e+09	0	1
424	1	10	2.5109e+09	2.51094e+09	2.51124e+09	2.51525e+09	0	1
425	1	10	2.51761e+09	2.51765e+09	2.51795e+09	2.52287e+09	0	1
426	1	10	2.52485e+09	2.5249e+09	2.5252e+09	2.53531e+09	0	1
427	0	50	2.53706e+09	2.53711e+09	2.53741e+09	2.55708e+09	1	1
428	0	10	2.55871e+09	2.55876e+09	2.55906e+09	2.55958e+09	0	1
429	1	10	2.56296e+09	2.563e+09	2.5633e+09	2.5672e+09	0	1
430	1	10	2.56995e+09	2.56998e+09	2.57028e+09	2.58056e+09	0	1
431	1	10	2.58266e+09	2.58269e+09	2.58299e+09	2.59096e+09	0	1
432	0	50	2.59513e+09	2.59517e+09	2.59547e+09	2.61083e+09	1	1
433	0	50	2.61248e+09	2.61253e+09	2.61283e+09	2.61716e+09	1	1
434	0	10	2.61879e+09	2.61883e+09	2.61913e+09	2.61964e+09	0	1
435	1	10	2.62159e+09	2.62163e+09	2.62193e+09	2.62231e+09	0	1
436	1	10	2.62461e+09	2.62465e+09	2.62495e+09	2.62827e+09	1	0
437	0	10	2.62991e+09	2.62995e+09	2.63025e+09	2.63038e+09	0	1
438	1	10	2.63297e+09	2.633e+09	2.6333e+09	2.63624e+09	0	1
439	1	10	2.63803e+09	2.63807e+09	2.63837e+09	2.64933e+09	0	1
440	1	10	2.65151e+09	2.65155e+09	2.65185e+09	2.65897e+09	0	1
441	0	10	2.6645e+09	2.66454e+09	2.66484e+09	2.66677e+09	0	1
442	0	50	2.67051e+09	2.67055e+09	2.67085e+09	2.68024e+09	1	1
443	0	50	2.68469e+09	2.68473e+09	2.68503e+09	2.69443e+09	1	1
444	0	10	2.6973e+09	2.69734e+09	2.69764e+09	2.70119e+09	0	1
445	1	10	2.70331e+09	2.70335e+09	2.70365e+09	2.70669e+09	0	1
446	1	10	2.70928e+09	2.70932e+09	2.70962e+09	2.72349e+09	0	1
447	1	10	2.72688e+09	2.72692e+09	2.72722e+09	2.72896e+09	0	1
448	0	10	2.73089e+09	2.73093e+09	2.73123e+09	2.78309e+09	0	1
449	0	10	2.7852e+09	2.78524e+09	2.78554e+09	2.8002e+09	0	1
450	0	50	2.80582e+09	2.80586e+09	2.80617e+09	2.80647e+09	0	0
451	0	10	2.80977e+09	2.80981e+09	2.81011e+09	2.8121e+09	0	1
452	0	50	2.81491e+09	2.81495e+09	2.81533e+09	2.81591e+09	1	1
453	0	50	2.81878e+09	2.81882e+09	2.81912e+09	2.81996e+09	1	1
454	0	10	2.82277e+09	2.82281e+09	2.82311e+09	2.82373e+09	0	1
455	1	10	2.82645e+09	2.82649e+09	2.82679e+09	2.83015e+09	0	1
456	1	10	2.83192e+09	2.83196e+09	2.83226e+09	2.85622e+09	0	1