
001	0	10	4.54965e+06	4.5959e+06	4.89748e+06	5.01327e+06	1	0
002	0	50	1.40616e+07	1.40956e+07	1.43958e+07	1.44377e+07	0	0
003	1	50	2.05609e+07	2.05969e+07	2.08971e+07	2.09886e+07	1	1
004	0	50	2.62492e+07	2.62988e+07	2.65991e+07	2.66363e+07	0	0
005	1	50	3.47648e+07	3.47977e+07	3.5098e+07	3.52699e+07	0	0
006	1	50	4.1043e+07	4.10842e+07	4.13844e+07	4.14872e+07	0	0
007	1	50	4.60104e+07	4.60415e+07	4.63418e+07	4.64364e+07	0	0
008	0	50	5.09829e+07	5.10149e+07	5.13151e+07	5.13356e+07	1	1
009	0	10	5.79226e+07	5.79579e+07	5.82581e+07	5.82841e+07	1	0
010	0	10	5.98692e+07	5.99141e+07	6.02143e+07	6.02523e+07	1	0
011	0	50	7.0358e+07	7.03906e+07	7.06908e+07	7.07726e+07	0	0
012	1	50	7.54463e+07	7.54881e+07	7.57883e+07	7.5866e+07	0	0
013	1	50	8.05427e+07	8.05829e+07	8.08831e+07	8.09611e+07	0	0
014	1	50	8.54784e+07	8.55175e+07	8.58178e+07	8.58307e+07	0	0
015	0	50	9.51439e+07	9.5192e+07	9.54923e+07	9.5643e+07	0	0
016	0	10	1.0016e+08	1.00199e+08	1.00499e+08	1.00585e+08	1	0
017	0	10	1.04593e+08	1.04634e+08	1.04935e+08	1.04945e+08	1	0
018	0	50	1.11513e+08	1.11548e+08	1.11848e+08	1.11927e+08	1	1
019	0	50	1.13729e+08	1.13763e+08	1.14063e+08	1.14151e+08	0	0
020	1	50	1.2033e+08	1.20368e+08	1.20669e+08	1.20688e+08	0	0
021	1	50	1.26885e+08	1.26922e+08	1.27222e+08	1.27258e+08	0	0
022	1	50	1.32384e+08	1.32417e+08	1.32717e+08	1.32779e+08	0	0
023	0	10	1.40346e+08	1.40397e+08	1.40697e+08	1.40723e+08	1	0
024	0	50	1.44624e+08	1.44656e+08	1.44956e+08	1.45005e+08	0	0
025	1	50	1.51114e+08	1.51159e+08	1.51459e+08	1.5147e+08	0	0
026	1	50	1.56336e+08	1.56383e+08	1.56683e+08	1.56876e+08	0	0
027	1	50	1.62594e+08	1.62631e+08	1.62931e+08	1.6298e+08	0	0
028	0	10	1.67494e+08	1.67532e+08	1.67832e+08	1.67886e+08	1	0
029	0	50	1.72981e+08	1.7303e+08	1.7333e+08	1.73444e+08	0	0
030	1	50	1.78259e+08	1.78297e+08	1.78597e+08	1.78607e+08	0	0
031	1	50	1.83122e+08	1.83158e+08	1.83458e+08	1.83473e+08	0	0
032	1	50	1.87986e+08	1.88026e+08	1.88326e+08	1.88366e+08	0	0
033	0	10	1.98229e+08	1.98266e+08	1.98567e+08	1.98602e+08	1	0
034	0	10	2.05369e+08	2.05412e+08	2.05712e+08	2.05741e+08	1	0
035	0	50	2.10635e+08	2.1067e+08	2.1097e+08	2.12977e+08	0	0
036	1	50	2.18124e+08	2.1817e+08	2.18471e+08	2.18598e+08	0	0
037	1	50	2.23917e+08	2.23951e+08	2.24251e+08	2.24335e+08	0	0
038	1	50	2.30593e+08	2.30633e+08	2.30933e+08	2.30973e+08	0	0
039	0	10	2.37477e+08	2.37511e+08	2.37812e+08	2.37853e+08	1	0
040	0	50	2.4297e+08	2.43005e+08	2.43306e+08	2.43375e+08	0	0
041	1	50	2.49245e+08	2.49289e+08	2.49589e+08	2.49618e+08	0	0
042	1	50	2.55662e+08	2.55696e+08	2.55996e+08	2.56012e+08	0	0
043	1	50	2.60544e+08	2.60592e+08	2.60892e+08	2.61102e+08	0	0
044	0	10	2.71279e+08	2.7132e+08	2.7162e+08	2.71635e+08	1	0
045	0	50	2.78053e+08	2.78086e+08	2.78386e+08	2.80286e+08	0	0
046	1	50	2.90486e+08	2.90526e+08	2.90827e+08	2.90922e+08	0	0
047	1	50	2.95454e+08	2.95501e+08	2.95801e+08	2.95812e+08	0	0
048	1	50	3.00526e+08	3.00565e+08	3.00866e+08	3.00945e+08	0	0
049	0	10	3.05461e+08	3.055e+08	3.058e+08	3.06065e+08	0	1
050	0	50	3.11824e+08	3.1186e+08	3.1216e+08	3.1387e+08	0	0
051	0	50	3.19603e+08	3.1965e+08	3.1995e+08	3.20076e+08	0	0
052	0	50	3.2505e+08	3.25091e+08	3.25391e+08	3.25423e+08	0	0
053	0	50	3.30582e+08	3.30624e+08	3.30925e+08	3.31021e+08	0	0
054	0	10	3.35552e+08	3.35595e+08	3.35895e+08	3.35905e+08	1	0
055	0	50	3.42147e+08	3.42188e+08	3.42489e+08	3.42512e+08	0	0
056	1	50	3.47531e+08	3.47578e+08	3.47878e+08	3.47928e+08	0	0
057	1	50	3.57307e+08	3.57346e+08	3.57646e+08	3.57704e+08	0	0
058	1	50	3.63504e+08	3.63538e+08	3.63838e+08	3.63876e+08	0	0
059	0	10	3.69938e+08	3.6997e+08	3.7027e+08	3.70283e+08	1	0
060	0	50	3.81294e+08	3.81342e+08	3.81642e+08	3.81709e+08	1	1
061	0	10	3.83424e+08	3.83471e+08	3.83771e+08	3.83864e+08	1	0
062	0	10	3.89947e+08	3.89991e+08	3.90291e+08	3.90297e+08	1	0
063	0	50	3.98515e+08	3.98551e+08	3.98852e+08	3.98867e+08	1	1
064	0	10	4.02044e+08	4.02086e+08	4.02387e+08	4.02403e+08	1	0
065	0	10	4.1338e+08	4.13414e+08	4.13714e+08	4.1376e+08	1	0
066	0	10	4.17628e+08	4.17667e+08	4.17967e+08	4.18087e+08	1	0
067	0	10	4.2323e+08	4.23268e+08	4.23568e+08	4.25325e+08	1	0
068	0	10	4.32979e+08	4.33014e+08	4.33314e+08	4.33324e+08	1	0
069	0	50	4.49128e+08	4.49167e+08	4.49467e+08	4.49476e+08	1	1
070	0	10	4.51102e+08	4.51147e+08	4.51448e+08	4.51481e+08	1	0
071	0	10	4.57555e+08	4.57597e+08	4.57897e+08	4.5805e+08	1	0
072	0	50	4.77601e+08	4.77636e+08	4.77936e+08	4.77943e+08	1	1
073	0	10	4.84456e+08	4.84495e+08	4.84795e+08	4.84868e+08	1	0
074	0	50	5.06179e+08	5.06213e+08	5.06514e+08	5.06557e+08	0	0
075	1	50	5.1286e+08	5.12895e+08	5.13195e+08	5.13209e+08	0	0
076	1	50	5.23538e+08	5.23577e+08	5.23877e+08	5.23892e+08	0	0
077	1	50	5.28759e+08	5.2879e+08	5.29091e+08	5.29134e+08	0	0
078	0	10	5.40767e+08	5.408e+08	5.411e+08	5.41104e+08	1	0
079	0	50	5.50044e+08	5.50086e+08	5.50387e+08	5.50399e+08	0	0
080	1	50	5.56663e+08	5.567e+08	5.57e+08	5.57056e+08	0	0
081	1	50	5.61582e+08	5.61628e+08	5.61928e+08	5.62021e+08	0	0
082	1	50	5.6735e+08	5.67382e+08	5.67682e+08	5.67814e+08	0	0
083	0	50	5.72346e+08	5.72391e+08	5.72691e+08	5.72856e+08	0	0
084	0	50	5.78853e+08	5.78891e+08	5.79191e+08	5.7927e+08	1	1
085	0	10	5.89243e+08	5.89277e+08	5.89577e+08	5.89615e+08	1	0
086	0	50	6.0266e+08	6.027e+08	6.03e+08	6.03119e+08	0	0
087	1	50	6.0806e+08	6.08096e+08	6.08396e+08	6.08437e+08	1	1
088	0	10	6.11981e+08	6.12018e+08	6.12318e+08	6.12333e+08	1	0
089	0	50	6.142e+08	6.1424e+08	6.1454e+08	6.14697e+08	0	0
090	1	50	6.23778e+08	6.23817e+08	6.24117e+08	6.24346e+08	0	0
091	1	50	6.28863e+08	6.28901e+08	6.29201e+08	6.29302e+08	0	0
092	1	50	6.34305e+08	6.34339e+08	6.34639e+08	6.34691e+08	0	0
093	0	50	6.39203e+08	6.39243e+08	6.39543e+08	6.39641e+08	0	0
094	0	50	6.44161e+08	6.442e+08	6.445e+08	6.44642e+08	0	0
095	0	10	6.52498e+08	6.52539e+08	6.52839e+08	6.52922e+08	1	0
096	0	10	6.54569e+08	6.54618e+08	6.54918e+08	6.54988e+08	1	0
097	0	10	6.61807e+08	6.61848e+08	6.62148e+08	6.62162e+08	1	0
098	0	10	6.69402e+08	6.69443e+08	6.69743e+08	6.69766e+08	1	0
099	0	10	6.78046e+08	6.78089e+08	6.78389e+08	6.78396e+08	1	0
100	0	10	6.84107e+08	6.84152e+08	6.84453e+08	6.84506e+08	0	1
101	1	10	6.91599e+08	6.91644e+08	6.91944e+08	6.9195e+08	1	0
102	0	50	7.01591e+08	7.01637e+08	7.01938e+08	7.02012e+08	0	0
103	1	50	7.08706e+08	7.08747e+08	7.09047e+08	7.09133e+08	0	0
104	1	50	7.14507e+08	7.14548e+08	7.14848e+08	7.14991e+08	0	0
105	1	50	7.19924e+08	7.19965e+08	7.20266e+08	7.20302e+08	0	0
106	0	50	7.27312e+08	7.27354e+08	7.27654e+08	7.27692e+08	0	0
107	0	10	7.32471e+08	7.32512e+08	7.32812e+08	7.32863e+08	1	0
108	0	50	7.37812e+08	7.37847e+08	7.38147e+08	7.38152e+08	0	0
109	1	50	7.45809e+08	7.45849e+08	7.46149e+08	7.46239e+08	0	0
110	1	50	7.52415e+08	7.5245e+08	7.52751e+08	7.52835e+08	0	0
111	1	50	7.58784e+08	7.5883e+08	7.59131e+08	7.59176e+08	1	1
112	0	50	7.6405e+08	7.64083e+08	7.64383e+08	7.64493e+08	0	0
113	1	50	7.69496e+08	7.69543e+08	7.69843e+08	7.69858e+08	1	1
114	0	10	7.79351e+08	7.79391e+08	7.79691e+08	7.79721e+08	1	0
115	0	50	7.90115e+08	7.90152e+08	7.90452e+08	7.90457e+08	0	0
116	1	50	7.96032e+08	7.96074e+08	7.96374e+08	7.96388e+08	0	0
117	1	50	8.02503e+08	8.02539e+08	8.02839e+08	8.02858e+08	1	1
118	0	50	8.04592e+08	8.04627e+08	8.04928e+08	8.04938e+08	1	1
119	0	50	8.14706e+08	8.14748e+08	8.15048e+08	8.15205e+08	0	0
120	1	50	8.23125e+08	8.23166e+08	8.23467e+08	8.26599e+08	1	1
121	0	50	8.31583e+08	8.31616e+08	8.31916e+08	8.3208e+08	0	0
122	1	50	8.36598e+08	8.36636e+08	8.36936e+08	8.37037e+08	0	0
123	1	50	8.45922e+08	8.4596e+08	8.4626e+08	8.46362e+08	0	0
124	1	50	8.50876e+08	8.50916e+08	8.51216e+08	8.5122e+08	0	0
125	0	50	8.56055e+08	8.56097e+08	8.56397e+08	8.56423e+08	0	0
126	0	10	8.61825e+08	8.61862e+08	8.62162e+08	8.62177e+08	1	0
127	0	50	8.66637e+08	8.66675e+08	8.66975e+08	8.6726e+08	1	1
128	0	50	8.86657e+08	8.86702e+08	8.87002e+08	8.87068e+08	0	0
129	1	50	8.9158e+08	8.91618e+08	8.91918e+08	8.91979e+08	0	0
130	1	50	8.98467e+08	8.98513e+08	8.98813e+08	9.00785e+08	0	0
131	1	50	9.07564e+08	9.07607e+08	9.07907e+08	9.07933e+08	0	0
132	0	50	9.12455e+08	9.12494e+08	9.12794e+08	9.12917e+08	1	1
133	0	50	9.17945e+08	9.17978e+08	9.18278e+08	9.18377e+08	0	0
134	1	50	9.2383e+08	9.23869e+08	9.2417e+08	9.24267e+08	0	0
135	1	50	9.29679e+08	9.29724e+08	9.30024e+08	9.30093e+08	0	0
136	1	50	9.35554e+08	9.35588e+08	9.35889e+08	9.36014e+08	0	0
137	0	50	9.4053e+08	9.4057e+08	9.4087e+08	9.40876e+08	0	0
138	0	10	9.46722e+08	9.46755e+08	9.47055e+08	9.47098e+08	1	0
139	0	50	9.5933e+08	9.5937e+08	9.5967e+08	9.59839e+08	0	0
140	1	50	9.64353e+08	9.64393e+08	9.64693e+08	9.64733e+08	0	0
141	1	50	9.69249e+08	9.69286e+08	9.69587e+08	9.69591e+08	0	0
142	1	50	9.75788e+08	9.75833e+08	9.76133e+08	9.7617e+08	0	0
143	0	50	9.80689e+08	9.80726e+08	9.81026e+08	9.81139e+08	0	0
144	0	10	9.85674e+08	9.8572e+08	9.8602e+08	9.86108e+08	1	0
145	0	50	9.94297e+08	9.94333e+08	9.94633e+08	9.9471e+08	0	0
146	1	50	1.00097e+09	1.00102e+09	1.00132e+09	1.00138e+09	0	0
147	1	50	1.00644e+09	1.00647e+09	1.00677e+09	1.00694e+09	0	0
148	1	50	1.01304e+09	1.01308e+09	1.01338e+09	1.01357e+09	0	0
149	0	10	1.01809e+09	1.01813e+09	1.01843e+09	1.01859e+09	1	0
150	0	10	1.02019e+09	1.02024e+09	1.02054e+09	1.02062e+09	1	0
151	0	50	1.02996e+09	1.03e+09	1.0303e+09	1.0303e+09	0	0
152	1	50	1.03482e+09	1.03486e+09	1.03516e+09	1.03517e+09	1	1
153	0	50	1.0425e+09	1.04254e+09	1.04284e+09	1.04296e+09	0	0
154	1	50	1.05355e+09	1.0536e+09	1.0539e+09	1.05391e+09	1	1
155	0	50	1.06699e+09	1.06703e+09	1.06733e+09	1.06736e+09	1	1
156	0	50	1.07035e+09	1.0704e+09	1.0707e+09	1.07073e+09	1	1
157	0	10	1.07599e+09	1.07603e+09	1.07633e+09	1.07636e+09	0	1
158	1	10	1.08089e+09	1.08092e+09	1.08122e+09	1.08139e+09	1	0
159	0	10	1.08473e+09	1.08477e+09	1.08507e+09	1.08523e+09	1	0
160	0	10	1.08682e+09	1.08686e+09	1.08716e+09	1.0873e+09	1	0
161	0	10	1.09272e+09	1.09276e+09	1.09306e+09	1.09307e+09	1	0
162	0	50	1.09954e+09	1.09959e+09	1.09989e+09	1.0999e+09	1	1
163	0	10	1.10187e+09	1.10191e+09	1.10221e+09	1.10233e+09	0	1
164	1	10	1.10759e+09	1.10763e+09	1.10793e+09	1.10801e+09	1	0
165	0	10	1.11145e+09	1.11149e+09	1.11179e+09	1.11194e+09	1	0
166	0	10	1.1233e+09	1.12334e+09	1.12364e+09	1.12372e+09	0	1
167	1	10	1.13294e+09	1.13298e+09	1.13328e+09	1.13331e+09	1	0
168	0	50	1.14011e+09	1.14016e+09	1.14046e+09	1.14065e+09	0	0
169	1	50	1.15021e+09	1.15024e+09	1.15055e+09	1.15066e+09	0	0
170	1	50	1.15518e+09	1.15521e+09	1.15551e+09	1.15552e+09	1	1
171	0	10	1.16809e+09	1.16813e+09	1.16843e+09	1.16851e+09	1	0
172	0	10	1.17436e+09	1.17439e+09	1.17469e+09	1.1747e+09	1	0
173	0	10	1.17896e+09	1.17901e+09	1.17931e+09	1.17935e+09	1	0
174	0	10	1.19158e+09	1.19163e+09	1.19193e+09	1.19193e+09	1	0
175	0	50	1.19935e+09	1.19939e+09	1.19969e+09	1.1997e+09	0	0
176	1	50	1.2074e+09	1.20745e+09	1.20775e+09	1.20776e+09	1	1
177	0	50	1.23384e+09	1.23387e+09	1.23417e+09	1.23423e+09	0	0
178	1	50	1.24077e+09	1.24081e+09	1.24111e+09	1.24114e+09	0	0
179	1	50	1.24746e+09	1.2475e+09	1.2478e+09	1.24785e+09	0	0
180	1	50	1.25588e+09	1.25591e+09	1.25621e+09	1.25623e+09	1	1
181	0	10	1.27605e+09	1.27609e+09	1.27639e+09	1.2765e+09	0	1
182	1	10	1.28102e+09	1.28106e+09	1.28136e+09	1.28136e+09	1	0
183	0	10	1.29078e+09	1.29082e+09	1.29112e+09	1.29117e+09	1	0
184	0	10	1.29936e+09	1.29941e+09	1.29971e+09	1.29973e+09	1	0
185	0	50	1.30133e+09	1.30138e+09	1.30168e+09	1.30175e+09	0	0
186	1	50	1.3092e+09	1.30923e+09	1.30953e+09	1.30962e+09	1	1
187	0	10	1.31722e+09	1.31725e+09	1.31755e+09	1.31757e+09	1	0
188	0	50	1.32336e+09	1.32341e+09	1.32371e+09	1.32373e+09	1	1
189	0	50	1.32969e+09	1.32972e+09	1.33002e+09	1.33023e+09	0	0
190	1	50	1.33695e+09	1.33699e+09	1.33729e+09	1.33738e+09	0	0
191	1	50	1.3419e+09	1.34193e+09	1.34224e+09	1.34233e+09	0	0
192	1	50	1.34686e+09	1.34691e+09	1.34721e+09	1.34741e+09	0	0
193	0	50	1.35327e+09	1.35331e+09	1.35361e+09	1.35363e+09	1	1
194	0	50	1.36341e+09	1.36344e+09	1.36374e+09	1.36375e+09	0	0
195	1	50	1.36828e+09	1.36831e+09	1.36861e+09	1.36876e+09	0	0
196	1	50	1.3761e+09	1.37614e+09	1.37644e+09	1.37645e+09	1	1
197	0	10	1.38035e+09	1.38039e+09	1.38069e+09	1.38069e+09	1	0
198	0	10	1.40201e+09	1.40205e+09	1.40235e+09	1.40239e+09	1	0
199	0	10	1.41303e+09	1.41306e+09	1.41336e+09	1.41342e+09	1	0
200	0	10	1.41705e+09	1.41709e+09	1.41739e+09	1.4174e+09	1	0
201	0	10	1.42443e+09	1.42448e+09	1.42478e+09	1.42479e+09	1	0
202	0	50	1.43329e+09	1.43333e+09	1.43363e+09	1.43364e+09	0	0
203	1	50	1.43871e+09	1.43875e+09	1.43905e+09	1.43908e+09	0	0
204	1	50	1.44361e+09	1.44364e+09	1.44394e+09	1.44406e+09	0	0
205	1	50	1.44857e+09	1.44861e+09	1.44891e+09	1.44922e+09	1	1
206	0	50	1.45528e+09	1.45532e+09	1.45562e+09	1.45568e+09	0	0
207	1	50	1.46599e+09	1.46603e+09	1.46633e+09	1.4664e+09	0	0
208	1	50	1.47091e+09	1.47095e+09	1.47125e+09	1.47127e+09	1	1
209	0	50	1.47289e+09	1.47293e+09	1.47323e+09	1.47327e+09	0	0
210	1	50	1.4875e+09	1.48753e+09	1.48783e+09	1.48792e+09	0	0
211	1	50	1.49453e+09	1.49456e+09	1.49486e+09	1.49505e+09	0	0
212	1	50	1.5007e+09	1.50074e+09	1.50104e+09	1.50106e+09	0	0
213	0	10	1.50792e+09	1.50795e+09	1.50826e+09	1.50829e+09	1	0
214	0	50	1.51668e+09	1.51672e+09	1.51702e+09	1.51711e+09	0	0
215	1	50	1.52307e+09	1.52311e+09	1.52341e+09	1.52342e+09	0	0
216	1	50	1.52834e+09	1.52838e+09	1.52868e+09	1.52891e+09	0	0
217	1	50	1.53342e+09	1.53346e+09	1.53376e+09	1.53379e+09	0	0
218	0	10	1.53831e+09	1.53835e+09	1.53865e+09	1.5387e+09	1	0
219	0	50	1.55277e+09	1.55281e+09	1.55311e+09	1.55314e+09	0	0
220	1	50	1.56008e+09	1.56012e+09	1.56042e+09	1.56043e+09	0	0
221	1	50	1.56587e+09	1.56591e+09	1.56621e+09	1.56628e+09	0	0
222	1	50	1.57175e+09	1.57178e+09	1.57208e+09	1.57219e+09	1	1
223	0	50	1.57384e+09	1.57389e+09	1.57419e+09	1.57426e+09	1	1
224	0	10	1.58469e+09	1.58473e+09	1.58503e+09	1.58505e+09	0	1
225	1	10	1.59097e+09	1.59101e+09	1.59131e+09	1.59134e+09	1	0
226	0	50	1.59943e+09	1.59947e+09	1.59977e+09	1.59996e+09	0	0
227	1	50	1.60554e+09	1.60558e+09	1.60588e+09	1.60594e+09	0	0
228	1	50	1.61047e+09	1.61051e+09	1.61081e+09	1.61085e+09	0	0
229	1	50	1.61641e+09	1.61645e+09	1.61675e+09	1.61687e+09	0	0
230	0	50	1.62138e+09	1.62142e+09	1.62172e+09	1.6286e+09	0	0
231	0	10	1.63339e+09	1.63344e+09	1.63374e+09	1.63378e+09	1	0
232	0	10	1.63672e+09	1.63677e+09	1.63707e+09	1.63708e+09	1	0
233	0	10	1.64521e+09	1.64526e+09	1.64556e+09	1.64563e+09	1	0
234	0	10	1.6534e+09	1.65344e+09	1.65374e+09	1.65382e+09	1	0
235	0	50	1.66665e+09	1.6667e+09	1.667e+09	1.66701e+09	1	1
236	0	50	1.67013e+09	1.67016e+09	1.67047e+09	1.67055e+09	0	0
237	1	50	1.67884e+09	1.67887e+09	1.67917e+09	1.67918e+09	1	1
238	0	10	1.68562e+09	1.68567e+09	1.68597e+09	1.68599e+09	1	0
239	0	10	1.69186e+09	1.6919e+09	1.6922e+09	1.69224e+09	0	1
240	1	10	1.69787e+09	1.69792e+09	1.69822e+09	1.69823e+09	1	0
241	0	10	1.70463e+09	1.70466e+09	1.70496e+09	1.70515e+09	1	0
242	0	50	1.71553e+09	1.71557e+09	1.71587e+09	1.71588e+09	1	1
243	0	50	1.71752e+09	1.71756e+09	1.71786e+09	1.71788e+09	1	1
244	0	50	1.73214e+09	1.73218e+09	1.73248e+09	1.73254e+09	0	0
245	1	50	1.73835e+09	1.7384e+09	1.7387e+09	1.73885e+09	0	0
246	1	50	1.75423e+09	1.75428e+09	1.75458e+09	1.75467e+09	1	1
247	0	50	1.75633e+09	1.75637e+09	1.75667e+09	1.75683e+09	0	0
248	1	50	1.76448e+09	1.76453e+09	1.76483e+09	1.76498e+09	0	0
249	1	50	1.77107e+09	1.7711e+09	1.7714e+09	1.7715e+09	0	0
250	1	50	1.77643e+09	1.77646e+09	1.77676e+09	1.77683e+09	0	0
251	0	10	1.78185e+09	1.78188e+09	1.78218e+09	1.78224e+09	0	1
252	0	50	1.79034e+09	1.79038e+09	1.79068e+09	1.79084e+09	0	0
253	0	10	1.79874e+09	1.79879e+09	1.79909e+09	1.79924e+09	1	0
254	0	50	1.81378e+09	1.81382e+09	1.81412e+09	1.81429e+09	0	0
255	1	50	1.81958e+09	1.81962e+09	1.81992e+09	1.82015e+09	0	0
256	1	50	1.82762e+09	1.82766e+09	1.82796e+09	1.82816e+09	0	0
257	1	50	1.83314e+09	1.83318e+09	1.83348e+09	1.83349e+09	1	1
258	0	10	1.84093e+09	1.84097e+09	1.84127e+09	1.84127e+09	1	0
259	0	50	1.84653e+09	1.84657e+09	1.84687e+09	1.84688e+09	0	0
260	1	50	1.85411e+09	1.85415e+09	1.85445e+09	1.85447e+09	0	0
261	1	50	1.86032e+09	1.86037e+09	1.86067e+09	1.86068e+09	0	0
262	1	50	1.86519e+09	1.86523e+09	1.86553e+09	1.86559e+09	0	0
263	0	50	1.8701e+09	1.87014e+09	1.87044e+09	1.87058e+09	1	1
264	0	10	1.87229e+09	1.87232e+09	1.87262e+09	1.87268e+09	1	0
265	0	10	1.88226e+09	1.88229e+09	1.88259e+09	1.88262e+09	1	0
266	0	10	1.88437e+09	1.88441e+09	1.88471e+09	1.88471e+09	1	0
267	0	10	1.89665e+09	1.89668e+09	1.89698e+09	1.89699e+09	1	0
268	0	10	1.90151e+09	1.90155e+09	1.90185e+09	1.90283e+09	1	0
269	0	10	1.90763e+09	1.90767e+09	1.90797e+09	1.90811e+09	1	0
270	0	50	1.90972e+09	1.90976e+09	1.91006e+09	1.9101e+09	1	1
271	0	50	1.91764e+09	1.91768e+09	1.91798e+09	1.91805e+09	0	0
272	1	50	1.92258e+09	1.92263e+09	1.92293e+09	1.92303e+09	0	0
273	1	50	1.92756e+09	1.9276e+09	1.9279e+09	1.92797e+09	0	0
274	1	50	1.93377e+09	1.93382e+09	1.93412e+09	1.93425e+09	0	0
275	0	50	1.93876e+09	1.9388e+09	1.9391e+09	1.93914e+09	1	1
276	0	10	1.94579e+09	1.94584e+09	1.94614e+09	1.94615e+09	1	0
277	0	10	1.95646e+09	1.95649e+09	1.95679e+09	1.95688e+09	1	0
278	0	10	1.96654e+09	1.96658e+09	1.96688e+09	1.96689e+09	1	0
279	0	10	1.97364e+09	1.97368e+09	1.97398e+09	1.97413e+09	0	1
280	1	10	1.98367e+09	1.98372e+09	1.98402e+09	1.98556e+09	1	0
281	0	10	1.99153e+09	1.99157e+09	1.99187e+09	1.992e+09	0	1
282	1	10	1.99918e+09	1.99921e+09	1.99951e+09	1.99951e+09	1	0
283	0	10	2.00488e+09	2.00493e+09	2.00523e+09	2.00525e+09	1	0
284	0	50	2.00707e+09	2.00711e+09	2.00741e+09	2.00756e+09	0	0
285	1	50	2.01499e+09	2.01504e+09	2.01534e+09	2.01534e+09	0	0
286	1	50	2.01986e+09	2.0199e+09	2.0202e+09	2.02021e+09	0	0
287	1	50	2.02741e+09	2.02745e+09	2.02775e+09	2.02784e+09	0	0
288	0	10	2.03235e+09	2.03239e+09	2.03269e+09	2.03279e+09	0	1
289	0	10	2.0419e+09	2.04194e+09	2.04224e+09	2.0423e+09	1	0
290	0	50	2.04874e+09	2.04878e+09	2.04908e+09	2.04913e+09	0	0
291	1	50	2.05888e+09	2.05892e+09	2.05922e+09	2.05927e+09	0	0
292	1	50	2.06379e+09	2.06383e+09	2.06413e+09	2.06423e+09	0	0
293	1	50	2.06987e+09	2.06991e+09	2.07021e+09	2.07027e+09	0	0
294	0	10	2.07605e+09	2.07609e+09	2.07639e+09	2.07647e+09	1	0
295	0	50	2.08285e+09	2.0829e+09	2.0832e+09	2.08329e+09	0	0
296	1	50	2.09505e+09	2.09509e+09	2.09539e+09	2.09551e+09	0	0
297	1	50	2.10072e+09	2.10076e+09	2.10106e+09	2.10293e+09	0	0
298	1	50	2.1077e+09	2.10774e+09	2.10804e+09	2.10879e+09	1	1
299	0	50	2.11286e+09	2.11291e+09	2.11321e+09	2.11634e+09	0	0
300	1	50	2.12715e+09	2.12718e+09	2.12748e+09	2.12769e+09	0	0
301	1	50	2.13221e+09	2.13225e+09	2.13255e+09	2.13261e+09	1	1
302	0	50	2.13901e+09	2.13905e+09	2.13935e+09	2.13936e+09	0	0
303	1	50	2.14388e+09	2.14392e+09	2.14422e+09	2.14428e+09	0	0
304	1	50	2.14964e+09	2.14968e+09	2.14998e+09	2.15006e+09	0	0
305	1	50	2.15458e+09	2.15462e+09	2.15492e+09	2.15498e+09	0	0
306	0	10	2.16039e+09	2.16042e+09	2.16072e+09	2.16087e+09	1	0
307	0	10	2.1687e+09	2.16873e+09	2.16903e+09	2.16911e+09	0	1
308	1	10	2.1754e+09	2.17545e+09	2.17575e+09	2.17576e+09	1	0
309	0	10	2.18476e+09	2.1848e+09	2.1851e+09	2.18511e+09	0	1
310	1	10	2.18962e+09	2.18966e+09	2.18996e+09	2.18999e+09	1	0
311	0	50	2.19516e+09	2.1952e+09	2.1955e+09	2.19598e+09	1	1
312	0	50	2.20338e+09	2.20342e+09	2.20372e+09	2.20385e+09	0	0
313	1	50	2.20953e+09	2.20956e+09	2.20986e+09	2.20993e+09	0	0
314	1	50	2.22142e+09	2.22145e+09	2.22175e+09	2.22182e+09	0	0
315	1	50	2.22633e+09	2.22637e+09	2.22667e+09	2.22668e+09	0	0
316	0	10	2.24472e+09	2.24477e+09	2.24507e+09	2.24618e+09	0	1
317	0	10	2.2507e+09	2.25074e+09	2.25104e+09	2.25186e+09	1	0
318	0	50	2.25659e+09	2.25662e+09	2.25692e+09	2.2585e+09	1	1
319	0	10	2.26603e+09	2.26608e+09	2.26638e+09	2.2664e+09	1	0
320	0	50	2.2741e+09	2.27413e+09	2.27443e+09	2.27449e+09	1	1
321	0	50	2.27721e+09	2.27725e+09	2.27755e+09	2.27779e+09	1	1
322	0	10	2.28067e+09	2.28072e+09	2.28102e+09	2.28845e+09	0	1
323	1	10	2.3018e+09	2.30185e+09	2.30215e+09	2.3058e+09	0	1
324	1	10	2.31622e+09	2.31626e+09	2.31656e+09	2.34234e+09	1	0
325	0	50	2.3441e+09	2.34414e+09	2.34444e+09	2.34445e+09	1	1
326	0	50	2.35168e+09	2.35173e+09	2.35203e+09	2.35204e+09	1	1
327	0	50	2.36137e+09	2.3614e+09	2.3617e+09	2.36178e+09	1	1
328	0	50	2.36344e+09	2.36347e+09	2.36377e+09	2.36379e+09	1	1
329	0	10	2.36752e+09	2.36757e+09	2.36787e+09	2.36794e+09	0	1
330	1	10	2.37356e+09	2.3736e+09	2.3739e+09	2.37397e+09	0	1
331	1	10	2.38316e+09	2.3832e+09	2.3835e+09	2.38351e+09	0	1
332	1	10	2.38802e+09	2.38806e+09	2.38836e+09	2.38841e+09	0	1
333	0	50	2.39293e+09	2.39296e+09	2.39326e+09	2.39328e+09	1	1
334	0	10	2.39606e+09	2.3961e+09	2.3964e+09	2.39642e+09	0	1
335	1	10	2.40094e+09	2.40098e+09	2.40128e+09	2.40128e+09	0	1
336	1	10	2.4058e+09	2.40584e+09	2.40614e+09	2.40618e+09	0	1
337	1	10	2.41277e+09	2.41282e+09	2.41312e+09	2.41323e+09	0	1
338	0	50	2.4182e+09	2.41825e+09	2.41855e+09	2.41857e+09	1	1
339	0	10	2.42447e+09	2.42452e+09	2.42482e+09	2.42484e+09	0	1
340	1	10	2.43142e+09	2.43147e+09	2.43177e+09	2.43681e+09	1	0
341	0	50	2.44828e+09	2.44833e+09	2.44863e+09	2.44864e+09	1	1
342	0	10	2.45025e+09	2.4503e+09	2.4506e+09	2.45181e+09	0	1
343	1	10	2.45831e+09	2.45834e+09	2.45864e+09	2.4587e+09	0	1
344	1	10	2.46437e+09	2.46442e+09	2.46472e+09	2.46474e+09	0	1
345	1	10	2.47034e+09	2.47038e+09	2.47068e+09	2.47455e+09	0	1
346	0	50	2.47908e+09	2.47912e+09	2.47942e+09	2.47943e+09	1	1
347	0	50	2.4846e+09	2.48464e+09	2.48494e+09	2.48496e+09	1	1
348	0	10	2.50189e+09	2.50193e+09	2.50223e+09	2.50223e+09	0	1
349	1	10	2.50675e+09	2.50679e+09	2.50709e+09	2.50716e+09	0	1
350	1	10	2.51218e+09	2.51221e+09	2.51251e+09	2.51256e+09	0	1
351	1	10	2.51708e+09	2.51712e+09	2.51742e+09	2.51743e+09	0	1
352	0	10	2.52194e+09	2.52198e+09	2.52228e+09	2.5223e+09	0	1
353	0	10	2.52683e+09	2.52687e+09	2.52717e+09	2.5272e+09	0	1
354	0	10	2.53213e+09	2.53216e+09	2.53246e+09	2.53274e+09	0	1
355	0	10	2.53727e+09	2.53732e+09	2.53762e+09	2.53763e+09	0	1
356	0	10	2.54481e+09	2.54485e+09	2.54515e+09	2.54823e+09	0	1
357	0	10	2.55276e+09	2.5528e+09	2.5531e+09	2.55311e+09	0	1
358	0	10	2.55763e+09	2.55767e+09	2.55797e+09	2.5677e+09	1	0
359	0	50	2.57353e+09	2.57358e+09	2.57388e+09	2.5739e+09	1	1
360	0	10	2.5816e+09	2.58164e+09	2.58194e+09	2.58195e+09	0	1
361	1	10	2.58647e+09	2.58651e+09	2.58681e+09	2.58882e+09	1	0
362	0	50	2.59261e+09	2.59265e+09	2.59295e+09	2.59303e+09	1	1
363	0	50	2.59969e+09	2.59973e+09	2.60003e+09	2.60006e+09	1	1
364	0	10	2.60181e+09	2.60184e+09	2.60214e+09	2.60223e+09	0	1
365	1	10	2.60784e+09	2.60788e+09	2.60818e+09	2.60836e+09	0	1
366	1	10	2.61289e+09	2.61293e+09	2.61323e+09	2.61926e+09	1	0
367	0	10	2.62464e+09	2.62469e+09	2.62499e+09	2.62501e+09	0	1
368	1	10	2.62953e+09	2.62958e+09	2.62988e+09	2.6299e+09	0	1
369	1	10	2.63451e+09	2.63455e+09	2.63485e+09	2.6402e+09	1	0
370	0	50	2.64569e+09	2.64573e+09	2.64603e+09	2.64604e+09	1	1
371	0	50	2.65765e+09	2.65769e+09	2.65799e+09	2.65805e+09	1	1
372	0	50	2.65966e+09	2.65971e+09	2.66001e+09	2.66002e+09	1	1
373	0	10	2.66176e+09	2.66179e+09	2.66209e+09	2.6621e+09	0	1
374	1	10	2.67171e+09	2.67174e+09	2.67205e+09	2.67206e+09	0	1
375	1	10	2.6766e+09	2.67664e+09	2.67694e+09	2.69203e+09	0	1
376	1	10	2.69655e+09	2.69659e+09	2.69689e+09	2.69941e+09	0	1
377	0	50	2.70394e+09	2.70398e+09	2.70428e+09	2.71486e+09	1	1
378	0	50	2.71763e+09	2.71768e+09	2.71798e+09	2.718e+09	1	1
379	0	10	2.72564e+09	2.72568e+09	2.72598e+09	2.72599e+09	0	1
380	1	10	2.73051e+09	2.73055e+09	2.73085e+09	2.7383e+09	0	1
381	1	10	2.74677e+09	2.74682e+09	2.74712e+09	2.75955e+09	1	0
382	0	50	2.7656e+09	2.76565e+09	2.76595e+09	2.77676e+09	1	1
383	0	10	2.78719e+09	2.78723e+09	2.78753e+09	2.78754e+09	0	1
384	1	10	2.79206e+09	2.7921e+09	2.7924e+09	2.79245e+09	0	1
385	1	10	2.79696e+09	2.797e+09	2.7973e+09	2.79736e+09	0	1
386	1	10	2.80188e+09	2.80192e+09	2.80222e+09	2.80223e+09	0	1
387	0	10	2.80675e+09	2.80679e+09	2.80709e+09	2.80717e+09	0	1
388	0	10	2.8117e+09	2.81175e+09	2.81205e+09	2.81206e+09	0	1
389	0	10	2.82055e+09	2.8206e+09	2.8209e+09	2.83271e+09	0	1
390	0	10	2.83723e+09	2.83727e+09	2.83757e+09	2.84221e+09	0	1
391	0	10	2.84673e+09	2.84678e+09	2.84708e+09	2.8613e+09	0	1
392	0	10	2.86581e+09	2.86585e+09	2.86615e+09	2.86872e+09	0	1
393	0	50	2.87343e+09	2.87346e+09	2.87376e+09	2.89405e+09	1	1
394	0	50	2.89943e+09	2.89947e+09	2.89977e+09	2.91701e+09	0	0
395	1	50	2.92373e+09	2.92377e+09	2.92407e+09	2.93924e+09	1	1
396	0	50	2.94236e+09	2.9424e+09	2.9427e+09	2.95504e+09	1	1
397	0	50	2.95854e+09	2.95857e+09	2.95887e+09	2.9589e+09	1	1
398	0	50	2.967e+09	2.96704e+09	2.96734e+09	2.96738e+09	1	1
399	0	50	2.97335e+09	2.97338e+09	2.97368e+09	2.97371e+09	1	1
400	0	10	2.98002e+09	2.98006e+09	2.98036e+09	2.98038e+09	0	1
401	1	10	2.98558e+09	2.98562e+09	2.98592e+09	2.98594e+09	0	1
402	1	10	2.99046e+09	2.9905e+09	2.9908e+09	2.99081e+09	0	1
403	1	10	2.99697e+09	2.99701e+09	2.99731e+09	2.99732e+09	0	1
404	0	50	3.00184e+09	3.00188e+09	3.00218e+09	3.00224e+09	1	1
405	0	50	3.00387e+09	3.0039e+09	3.0042e+09	3.00604e+09	0	0
406	1	50	3.01137e+09	3.01142e+09	3.01172e+09	3.01182e+09	1	1
407	0	50	3.01351e+09	3.01355e+09	3.01385e+09	3.01388e+09	1	1
408	0	50	3.01551e+09	3.01556e+09	3.01586e+09	3.01587e+09	0	0
409	1	50	3.02055e+09	3.02059e+09	3.02089e+09	3.02089e+09	1	1
410	0	50	3.02787e+09	3.02792e+09	3.02822e+09	3.02831e+09	1	1
411	0	50	3.0364e+09	3.03645e+09	3.03675e+09	3.03678e+09	1	1
412	0	10	3.03841e+09	3.03846e+09	3.03876e+09	3.03882e+09	0	1
413	1	10	3.04333e+09	3.04337e+09	3.04367e+09	3.04399e+09	1	0
414	0	10	3.04823e+09	3.04828e+09	3.04858e+09	3.04859e+09	0	1
415	1	10	3.05311e+09	3.05315e+09	3.05345e+09	3.05346e+09	0	1
416	1	10	3.05921e+09	3.05925e+09	3.05955e+09	3.0596e+09	1	0
417	0	10	3.06122e+09	3.06126e+09	3.06156e+09	3.06415e+09	0	1
418	1	10	3.07093e+09	3.07097e+09	3.07127e+09	3.07129e+09	0	1
419	1	10	3.07582e+09	3.07586e+09	3.07616e+09	3.07623e+09	0	1
420	1	10	3.08074e+09	3.08078e+09	3.08108e+09	3.0811e+09	0	1
421	0	50	3.08588e+09	3.08593e+09	3.08623e+09	3.08625e+09	1	1
422	0	10	3.09198e+09	3.09202e+09	3.09232e+09	3.09241e+09	0	1
423	1	10	3.09793e+09	3.09797e+09	3.09827e+09	3.09841e+09	0	1
424	1	10	3.1057e+09	3.10574e+09	3.10605e+09	3.10606e+09	0	1
425	1	10	3.11166e+09	3.11171e+09	3.11201e+09	3.11203e+09	0	1
426	0	10	3.11757e+09	3.11761e+09	3.11791e+09	3.11793e+09	0	1
427	0	50	3.12416e+09	3.12421e+09	3.12451e+09	3.12451e+09	1	1
428	0	50	3.12619e+09	3.12623e+09	3.12653e+09	3.12657e+09	1	1
429	0	50	3.13579e+09	3.13582e+09	3.13612e+09	3.13613e+09	1	1
430	0	10	3.13776e+09	3.13779e+09	3.13809e+09	3.13812e+09	0	1
431	1	10	3.14291e+09	3.14296e+09	3.14326e+09	3.14646e+09	1	0
432	0	50	3.14808e+09	3.14812e+09	3.14842e+09	3.14845e+09	1	1
433	0	50	3.15424e+09	3.15428e+09	3.15458e+09	3.15468e+09	1	1
434	0	50	3.16757e+09	3.16761e+09	3.16791e+09	3.16791e+09	1	1
435	0	50	3.17326e+09	3.1733e+09	3.17361e+09	3.1756e+09	1	1
436	0	10	3.17997e+09	3.18e+09	3.1803e+09	3.1823e+09	0	1
437	1	10	3.18794e+09	3.18798e+09	3.18828e+09	3.18842e+09	0	1
438	1	10	3.19447e+09	3.19452e+09	3.19482e+09	3.19483e+09	0	1
439	1	10	3.20072e+09	3.20076e+09	3.20106e+09	3.20342e+09	0	1
440	0	50	3.20908e+09	3.20911e+09	3.20941e+09	3.20942e+09	1	1
441	0	50	3.21109e+09	3.21113e+09	3.21143e+09	3.21146e+09	1	1
442	0	50	3.21812e+09	3.21816e+09	3.21846e+09	3.21847e+09	1	1
443	0	50	3.22697e+09	3.22701e+09	3.22732e+09	3.22782e+09	1	1
444	0	10	3.2357e+09	3.23574e+09	3.23604e+09	3.23615e+09	0	1
445	1	10	3.24342e+09	3.24346e+09	3.24376e+09	3.24378e+09	0	1
446	1	10	3.2525e+09	3.25254e+09	3.25285e+09	3.25289e+09	0	1
447	1	10	3.2592e+09	3.25923e+09	3.25953e+09	3.25954e+09	0	1
448	0	50	3.26979e+09	3.26982e+09	3.27012e+09	3.27017e+09	1	1
449	0	10	3.2718e+09	3.27184e+09	3.27214e+09	3.27215e+09	0	1
450	1	10	3.27926e+09	3.2793e+09	3.2796e+09	3.27968e+09	0	1
451	1	10	3.28557e+09	3.2856e+09	3.2859e+09	3.28605e+09	0	1
452	1	10	3.29233e+09	3.29237e+09	3.29267e+09	3.29644e+09	1	0
453	0	50	3.30227e+09	3.30231e+09	3.30261e+09	3.30262e+09	1	1
454	0	10	3.3108e+09	3.31085e+09	3.31115e+09	3.31862e+09	1	0
455	0	10	3.32489e+09	3.32494e+09	3.32524e+09	3.32528e+09	0	1
456	1	10	3.32979e+09	3.32983e+09	3.33013e+09	3.33025e+09	0	1
457	1	10	3.33604e+09	3.33608e+09	3.33638e+09	3.33645e+09	0	1
458	1	10	3.34097e+09	3.34101e+09	3.34131e+09	3.34306e+09	0	1
459	0	50	3.34757e+09	3.34761e+09	3.34791e+09	3.34799e+09	1	1
460	0	50	3.35369e+09	3.35373e+09	3.35403e+09	3.35409e+09	1	1
461	0	50	3.36035e+09	3.3604e+09	3.3607e+09	3.36073e+09	1	1
462	0	50	3.36236e+09	3.3624e+09	3.3627e+09	3.36296e+09	0	0
463	1	50	3.36777e+09	3.36781e+09	3.36811e+09	3.36812e+09	1	1
464	0	50	3.36975e+09	3.36978e+09	3.37009e+09	3.38362e+09	1	1
465	0	10	3.38817e+09	3.38821e+09	3.38851e+09	3.38861e+09	0	1
466	1	10	3.39314e+09	3.39319e+09	3.39349e+09	3.39351e+09	0	1
467	1	10	3.39802e+09	3.39807e+09	3.39837e+09	3.39837e+09	0	1
468	1	10	3.40309e+09	3.40314e+09	3.40344e+09	3.40347e+09	0	1
469	0	50	3.41043e+09	3.41047e+09	3.41077e+09	3.43696e+09	1	1
470	0	50	3.44142e+09	3.44146e+09	3.44176e+09	3.44178e+09	1	1
471	0	50	3.44672e+09	3.44676e+09	3.44706e+09	3.44943e+09	1	1
472	0	50	3.45732e+09	3.45736e+09	3.45766e+09	3.45767e+09	1	1
473	0	50	3.4615e+09	3.46154e+09	3.46184e+09	3.46197e+09	1	1
474	0	50	3.47282e+09	3.47285e+09	3.47315e+09	3.47316e+09	1	1
475	0	10	3.47478e+09	3.47482e+09	3.47512e+09	3.47513e+09	0	1
476	1	10	3.48439e+09	3.48444e+09	3.48474e+09	3.48474e+09	0	1
477	1	10	3.48926e+09	3.4893e+09	3.4896e+09	3.4896e+09	0	1
478	1	10	3.49523e+09	3.49528e+09	3.49558e+09	3.49558e+09	0	1
479	0	10	3.5001e+09	3.50014e+09	3.50044e+09	3.50045e+09	0	1
480	0	10	3.50668e+09	3.50673e+09	3.50703e+09	3.50988e+09	0	1
481	0	10	3.51461e+09	3.51466e+09	3.51496e+09	3.51497e+09	0	1
482	0	50	3.51949e+09	3.51953e+09	3.51983e+09	3.52544e+09	1	1
483	0	50	3.53069e+09	3.53072e+09	3.53102e+09	3.53106e+09	1	1
484	0	50	3.5327e+09	3.53274e+09	3.53304e+09	3.53306e+09	1	1
485	0	50	3.54259e+09	3.54263e+09	3.54293e+09	3.54338e+09	1	1
486	0	50	3.54501e+09	3.54505e+09	3.54535e+09	3.54536e+09	0	0
487	1	50	3.54988e+09	3.54991e+09	3.55021e+09	3.55022e+09	1	1
488	0	50	3.55186e+09	3.5519e+09	3.5522e+09	3.55225e+09	1	1
489	0	50	3.55639e+09	3.55642e+09	3.55673e+09	3.55676e+09	1	1
490	0	10	3.55838e+09	3.55842e+09	3.55872e+09	3.55873e+09	0	1
491	1	10	3.5697e+09	3.56975e+09	3.57005e+09	3.5703e+09	0	1
492	1	10	3.57748e+09	3.57751e+09	3.57781e+09	3.57784e+09	0	1
493	1	10	3.58236e+09	3.5824e+09	3.5827e+09	3.58274e+09	0	1
494	0	50	3.58798e+09	3.58802e+09	3.58832e+09	3.58836e+09	1	1
495	0	50	3.59041e+09	3.59045e+09	3.59075e+09	3.59075e+09	1	1
496	0	50	3.59657e+09	3.59662e+09	3.59692e+09	3.59705e+09	1	1
497	0	50	3.60722e+09	3.60725e+09	3.60755e+09	3.60756e+09	1	1
498	0	50	3.60919e+09	3.60923e+09	3.60953e+09	3.60972e+09	1	1
499	0	50	3.61157e+09	3.61161e+09	3.61192e+09	3.61193e+09	1	1
500	0	50	3.61356e+09	3.6136e+09	3.6139e+09	3.61394e+09	1	1
501	0	50	3.61995e+09	3.62e+09	3.6203e+09	3.62036e+09	1	1
502	0	10	3.62374e+09	3.62378e+09	3.62408e+09	3.62428e+09	0	1
503	1	10	3.6311e+09	3.63114e+09	3.63144e+09	3.63145e+09	0	1
504	1	10	3.63597e+09	3.63601e+09	3.63631e+09	3.63631e+09	0	1
505	1	10	3.642e+09	3.64203e+09	3.64233e+09	3.64235e+09	0	1
506	0	10	3.64968e+09	3.64971e+09	3.65001e+09	3.65003e+09	0	1
507	0	50	3.65468e+09	3.65472e+09	3.65502e+09	3.65507e+09	1	1
508	0	50	3.66478e+09	3.66483e+09	3.66513e+09	3.66513e+09	1	1
509	0	10	3.66677e+09	3.66682e+09	3.66712e+09	3.66718e+09	0	1
510	1	10	3.67271e+09	3.67274e+09	3.67304e+09	3.67308e+09	0	1
511	1	10	3.6776e+09	3.67763e+09	3.67794e+09	3.67796e+09	0	1
512	1	10	3.68273e+09	3.68277e+09	3.68307e+09	3.68311e+09	0	1
513	0	10	3.68876e+09	3.6888e+09	3.6891e+09	3.69089e+09	0	1
514	0	10	3.6954e+09	3.69545e+09	3.69575e+09	3.69575e+09	0	1
515	0	50	3.70145e+09	3.70149e+09	3.70179e+09	3.7018e+09	1	1
516	0	10	3.70723e+09	3.70726e+09	3.70756e+09	3.70798e+09	0	1
517	1	10	3.71383e+09	3.71387e+09	3.71417e+09	3.71422e+09	0	1
518	1	10	3.71874e+09	3.71877e+09	3.71908e+09	3.71911e+09	0	1
519	1	10	3.72378e+09	3.72381e+09	3.72411e+09	3.72822e+09	1	0
520	0	50	3.73146e+09	3.73149e+09	3.73179e+09	3.73601e+09	1	1
521	0	50	3.74181e+09	3.74185e+09	3.74215e+09	3.75489e+09	1	1
522	0	10	3.75855e+09	3.75859e+09	3.75889e+09	3.75894e+09	0	1
523	1	10	3.76345e+09	3.76349e+09	3.76379e+09	3.77522e+09	0	1
524	1	10	3.77976e+09	3.77979e+09	3.78009e+09	3.79557e+09	0	1
525	1	10	3.80009e+09	3.80013e+09	3.80043e+09	3.80868e+09	0	1
526	0	10	3.81321e+09	3.81326e+09	3.81356e+09	3.83196e+09	0	1
527	0	10	3.83802e+09	3.83806e+09	3.83836e+09	3.86198e+09	0	1
528	0	50	3.8665e+09	3.86654e+09	3.86684e+09	3.87337e+09	1	1
529	0	50	3.87665e+09	3.87669e+09	3.87699e+09	3.877e+09	1	1
530	0	50	3.88067e+09	3.88072e+09	3.88102e+09	3.89308e+09	1	1
531	0	10	3.89699e+09	3.89702e+09	3.89732e+09	3.90542e+09	0	1
532	1	10	3.90993e+09	3.90997e+09	3.91027e+09	3.92713e+09	1	0
533	0	10	3.93174e+09	3.93178e+09	3.93208e+09	3.93209e+09	0	1
534	1	10	3.93661e+09	3.93665e+09	3.93695e+09	3.9535e+09	0	1
535	1	10	3.95803e+09	3.95808e+09	3.95838e+09	3.9803e+09	0	1
536	1	10	3.98516e+09	3.9852e+09	3.9855e+09	3.98592e+09	0	1
537	0	50	3.99044e+09	3.99048e+09	3.99078e+09	3.9968e+09	1	1
538	0	10	4.00085e+09	4.00089e+09	4.00119e+09	4.00137e+09	0	1
539	1	10	4.00589e+09	4.00593e+09	4.00623e+09	4.00626e+09	0	1
540	1	10	4.01079e+09	4.01083e+09	4.01113e+09	4.01414e+09	0	1
541	1	10	4.01867e+09	4.01871e+09	4.01901e+09	4.02411e+09	0	1
542	0	50	4.02865e+09	4.02869e+09	4.02899e+09	4.03748e+09	1	1
543	0	10	4.04193e+09	4.04197e+09	4.04227e+09	4.05677e+09	0	1