
001	0	50	4.70427e+06	4.74571e+06	5.04728e+06	5.70699e+06	0	0
002	1	50	7.45371e+06	7.4986e+06	7.79884e+06	1.38978e+07	1	1
003	0	50	1.81217e+07	1.81659e+07	1.84661e+07	1.8523e+07	1	1
004	0	10	2.95537e+07	2.96031e+07	2.99034e+07	2.99856e+07	0	1
005	1	10	3.90042e+07	3.90441e+07	3.93443e+07	3.93659e+07	0	1
006	1	10	4.1258e+07	4.12926e+07	4.15928e+07	4.16019e+07	1	0
007	0	50	5.20817e+07	5.21227e+07	5.24229e+07	5.2507e+07	1	1
008	0	10	5.97832e+07	5.98182e+07	6.01185e+07	6.02457e+07	0	1
009	1	10	6.20094e+07	6.2044e+07	6.23443e+07	6.24418e+07	0	1
010	1	10	6.60849e+07	6.61247e+07	6.64249e+07	6.65306e+07	0	1
011	1	10	7.14701e+07	7.15024e+07	7.18026e+07	7.18643e+07	0	1
012	0	50	7.34966e+07	7.3536e+07	7.38362e+07	7.38959e+07	1	1
013	0	10	7.90661e+07	7.91085e+07	7.94088e+07	7.94248e+07	1	0
014	0	10	8.10035e+07	8.10474e+07	8.13477e+07	8.13589e+07	0	1
015	1	10	8.70001e+07	8.70336e+07	8.73338e+07	8.73466e+07	1	0
016	0	50	9.23351e+07	9.23766e+07	9.26768e+07	9.27108e+07	0	0
017	1	50	9.79251e+07	9.79691e+07	9.82693e+07	9.84499e+07	1	1
018	0	10	1.00022e+08	1.00059e+08	1.00359e+08	1.00552e+08	0	1
019	1	10	1.10461e+08	1.10503e+08	1.10803e+08	1.12566e+08	1	0
020	0	50	1.14138e+08	1.14174e+08	1.14474e+08	1.1502e+08	1	1
021	0	50	1.20154e+08	1.20192e+08	1.20493e+08	1.20509e+08	1	1
022	0	50	1.24825e+08	1.24863e+08	1.25163e+08	1.25363e+08	0	0
023	1	50	1.2835e+08	1.28382e+08	1.28682e+08	1.28735e+08	1	1
024	0	50	1.37364e+08	1.37409e+08	1.37709e+08	1.37791e+08	1	1
025	0	10	1.43929e+08	1.43965e+08	1.44265e+08	1.448e+08	1	0
026	0	50	1.49437e+08	1.49473e+08	1.49774e+08	1.50148e+08	0	0
027	1	50	1.56356e+08	1.56398e+08	1.56698e+08	1.56819e+08	1	1
028	0	10	1.585e+08	1.58531e+08	1.58832e+08	1.58838e+08	1	0
029	0	50	1.60471e+08	1.60508e+08	1.60808e+08	1.60856e+08	0	0
030	1	50	1.63631e+08	1.63666e+08	1.63966e+08	1.6413e+08	1	1
031	0	10	1.65908e+08	1.65941e+08	1.66242e+08	1.66354e+08	0	1
032	1	10	1.73191e+08	1.73226e+08	1.73526e+08	1.73562e+08	0	1
033	1	10	1.81849e+08	1.8189e+08	1.82191e+08	1.82285e+08	0	1
034	1	10	1.841e+08	1.84137e+08	1.84438e+08	1.84974e+08	1	0
035	0	50	1.86576e+08	1.86622e+08	1.86922e+08	1.86935e+08	1	1
036	0	10	1.93515e+08	1.93556e+08	1.93856e+08	1.94495e+08	1	0
037	0	50	1.98614e+08	1.98655e+08	1.98955e+08	1.98963e+08	0	0
038	1	50	2.07673e+08	2.07707e+08	2.08007e+08	2.08029e+08	0	0
039	1	50	2.09803e+08	2.09846e+08	2.10147e+08	2.10875e+08	0	0
040	1	50	2.12947e+08	2.12986e+08	2.13286e+08	2.13574e+08	0	0
041	0	50	2.17724e+08	2.17765e+08	2.18065e+08	2.1861e+08	0	0
042	0	10	2.21861e+08	2.21904e+08	2.22204e+08	2.22275e+08	0	1
043	0	50	2.23853e+08	2.23887e+08	2.24187e+08	2.24247e+08	0	0
044	0	10	2.26357e+08	2.26401e+08	2.26701e+08	2.26827e+08	0	1
045	0	10	2.28781e+08	2.28823e+08	2.29123e+08	2.29201e+08	0	1
046	0	50	2.30891e+08	2.30927e+08	2.31228e+08	2.31991e+08	0	0
047	0	50	2.3443e+08	2.34477e+08	2.34777e+08	2.35176e+08	0	0
048	0	50	2.39321e+08	2.39362e+08	2.39662e+08	2.4045e+08	0	0
049	0	50	2.47136e+08	2.47183e+08	2.47483e+08	2.48223e+08	0	0
050	0	50	2.50343e+08	2.5038e+08	2.50681e+08	2.50716e+08	0	0
051	0	50	2.54279e+08	2.54317e+08	2.54617e+08	2.55325e+08	0	0
052	0	50	2.57527e+08	2.57576e+08	2.57876e+08	2.5867e+08	0	0
053	0	50	2.6175e+08	2.61784e+08	2.62085e+08	2.63076e+08	0	0
054	0	10	2.65403e+08	2.65446e+08	2.65746e+08	2.66526e+08	1	0
055	0	50	2.71018e+08	2.71057e+08	2.71357e+08	2.72539e+08	0	0
056	1	50	2.76577e+08	2.76626e+08	2.76926e+08	2.78444e+08	1	1
057	0	50	2.82321e+08	2.82366e+08	2.82667e+08	2.82798e+08	1	1
058	0	10	2.86269e+08	2.86303e+08	2.86603e+08	2.86613e+08	0	1
059	1	10	2.90994e+08	2.9104e+08	2.9134e+08	2.91966e+08	1	0
060	0	10	2.97729e+08	2.97773e+08	2.98074e+08	2.98078e+08	0	1
061	1	10	2.99738e+08	2.99776e+08	3.00077e+08	3.0009e+08	1	0
062	0	50	3.1622e+08	3.16262e+08	3.16562e+08	3.17347e+08	0	0
063	1	50	3.19244e+08	3.19279e+08	3.19579e+08	3.1997e+08	0	0
064	1	50	3.23478e+08	3.23518e+08	3.23818e+08	3.24483e+08	0	0
065	1	50	3.2726e+08	3.27301e+08	3.27602e+08	3.27679e+08	1	1
066	0	50	3.32392e+08	3.32433e+08	3.32734e+08	3.32822e+08	1	1
067	0	50	3.37607e+08	3.37651e+08	3.37951e+08	3.38024e+08	1	1
068	0	50	3.41443e+08	3.41486e+08	3.41786e+08	3.4182e+08	1	1
069	0	50	3.51437e+08	3.5148e+08	3.5178e+08	3.5181e+08	1	1
070	0	50	3.53508e+08	3.5354e+08	3.5384e+08	3.5392e+08	1	1
071	0	10	3.56938e+08	3.56981e+08	3.57282e+08	3.59372e+08	0	1
072	1	10	3.61317e+08	3.61357e+08	3.61657e+08	3.62376e+08	1	0
073	0	10	3.64052e+08	3.64092e+08	3.64393e+08	3.64454e+08	0	1
074	1	10	3.69842e+08	3.69882e+08	3.70183e+08	3.70261e+08	1	0
075	0	10	3.74389e+08	3.74426e+08	3.74726e+08	3.74773e+08	0	1
076	1	10	3.77359e+08	3.77407e+08	3.77707e+08	3.77727e+08	0	1
077	1	10	3.83777e+08	3.83819e+08	3.84119e+08	3.84905e+08	0	1
078	1	10	3.87652e+08	3.87691e+08	3.87992e+08	3.88024e+08	1	0
079	0	50	3.89708e+08	3.89752e+08	3.90052e+08	3.90176e+08	1	1
080	0	10	3.97417e+08	3.97466e+08	3.97766e+08	3.98401e+08	1	0
081	0	50	4.06893e+08	4.06926e+08	4.07226e+08	4.07244e+08	0	0
082	1	50	4.11335e+08	4.11379e+08	4.11679e+08	4.12092e+08	0	0
083	1	50	4.20676e+08	4.20717e+08	4.21017e+08	4.22106e+08	1	1
084	0	50	4.29235e+08	4.29276e+08	4.29576e+08	4.3011e+08	1	1
085	0	10	4.3872e+08	4.38759e+08	4.3906e+08	4.39761e+08	0	1
086	1	10	4.42881e+08	4.42926e+08	4.43226e+08	4.43433e+08	0	1
087	1	10	4.45239e+08	4.45287e+08	4.45588e+08	4.46164e+08	0	1
088	1	10	4.49706e+08	4.49742e+08	4.50042e+08	4.50364e+08	1	0
089	0	50	4.51968e+08	4.52e+08	4.523e+08	4.53442e+08	0	0
090	1	50	4.55764e+08	4.55809e+08	4.56109e+08	4.5637e+08	0	0
091	1	50	4.59119e+08	4.59161e+08	4.59462e+08	4.59653e+08	1	1
092	0	10	4.68151e+08	4.68189e+08	4.68489e+08	4.69355e+08	1	0
093	0	10	4.71008e+08	4.71055e+08	4.71355e+08	4.71364e+08	0	1
094	1	10	4.84126e+08	4.84174e+08	4.84474e+08	4.84632e+08	0	1
095	1	10	4.86541e+08	4.86581e+08	4.86881e+08	4.86889e+08	1	0
096	0	10	4.93567e+08	4.93607e+08	4.93907e+08	4.95109e+08	1	0
097	0	10	5.04916e+08	5.04954e+08	5.05255e+08	5.05293e+08	1	0
098	0	50	5.06895e+08	5.06936e+08	5.07236e+08	5.07596e+08	1	1
099	0	10	5.16025e+08	5.16073e+08	5.16373e+08	5.16451e+08	0	1
100	1	10	5.20844e+08	5.20891e+08	5.21191e+08	5.21628e+08	0	1
101	1	10	5.24192e+08	5.2423e+08	5.2453e+08	5.24911e+08	1	0
102	0	50	5.34899e+08	5.34937e+08	5.35238e+08	5.3531e+08	0	0
103	1	50	5.37214e+08	5.37251e+08	5.37551e+08	5.37993e+08	0	0
104	1	50	5.40271e+08	5.40304e+08	5.40605e+08	5.40609e+08	1	1
105	0	10	5.4232e+08	5.42365e+08	5.42665e+08	5.43071e+08	1	0
106	0	10	5.62382e+08	5.62426e+08	5.62726e+08	5.63985e+08	1	0
107	0	50	5.65577e+08	5.65615e+08	5.65916e+08	5.6599e+08	1	1
108	0	10	5.82316e+08	5.82349e+08	5.82649e+08	5.82931e+08	1	0
109	0	10	5.91888e+08	5.91923e+08	5.92224e+08	5.92687e+08	1	0
110	0	10	5.99776e+08	5.99808e+08	6.00109e+08	6.00134e+08	1	0
111	0	50	6.07661e+08	6.077e+08	6.08e+08	6.0832e+08	0	0
112	1	50	6.10504e+08	6.10541e+08	6.10841e+08	6.10941e+08	0	0
113	1	50	6.17356e+08	6.17397e+08	6.17698e+08	6.17914e+08	1	1
114	0	50	6.24597e+08	6.24639e+08	6.24939e+08	6.24954e+08	1	1
115	0	10	6.32813e+08	6.32846e+08	6.33146e+08	6.33215e+08	0	1
116	1	10	6.36872e+08	6.36917e+08	6.37217e+08	6.37686e+08	1	0
117	0	50	6.41789e+08	6.41822e+08	6.42123e+08	6.4216e+08	1	1
118	0	10	6.47491e+08	6.47534e+08	6.47834e+08	6.47891e+08	0	1
119	1	10	6.59657e+08	6.59698e+08	6.59998e+08	6.60442e+08	1	0
120	0	50	6.78287e+08	6.78331e+08	6.78631e+08	6.78688e+08	0	0
121	1	50	6.83686e+08	6.83732e+08	6.84033e+08	6.8404e+08	0	0
122	1	50	6.86012e+08	6.8605e+08	6.8635e+08	6.87818e+08	0	0
123	1	50	6.93752e+08	6.93796e+08	6.94097e+08	6.9522e+08	0	0
124	0	50	6.97683e+08	6.97716e+08	6.98016e+08	6.99094e+08	0	0
125	0	10	7.02892e+08	7.02929e+08	7.03229e+08	7.04232e+08	1	0
126	0	10	7.05833e+08	7.05873e+08	7.06173e+08	7.06226e+08	1	0
127	0	10	7.22053e+08	7.22093e+08	7.22393e+08	7.22403e+08	0	1
128	1	10	7.24101e+08	7.24134e+08	7.24435e+08	7.2446e+08	0	1
129	1	10	7.29282e+08	7.29323e+08	7.29623e+08	7.30196e+08	1	0
130	0	10	7.31786e+08	7.31827e+08	7.32127e+08	7.32146e+08	0	1
131	1	10	7.36896e+08	7.36933e+08	7.37233e+08	7.37685e+08	1	0
132	0	50	7.42654e+08	7.427e+08	7.43e+08	7.4312e+08	1	1
133	0	10	7.44748e+08	7.44792e+08	7.45093e+08	7.45195e+08	0	1
134	1	10	7.54153e+08	7.54187e+08	7.54487e+08	7.54494e+08	1	0
135	0	50	7.64432e+08	7.64482e+08	7.64782e+08	7.64857e+08	0	0
136	1	50	7.66636e+08	7.66669e+08	7.66969e+08	7.67541e+08	0	0
137	1	50	7.71148e+08	7.71188e+08	7.71489e+08	7.71941e+08	0	0
138	1	50	7.76827e+08	7.7687e+08	7.77171e+08	7.77908e+08	0	0
139	0	10	7.82913e+08	7.82946e+08	7.83246e+08	7.83753e+08	1	0
140	0	50	7.85353e+08	7.85399e+08	7.85699e+08	7.85727e+08	1	1
141	0	50	7.96074e+08	7.96114e+08	7.96414e+08	7.96423e+08	1	1
142	0	10	8.04435e+08	8.04477e+08	8.04777e+08	8.05029e+08	1	0
143	0	50	8.06689e+08	8.06724e+08	8.07024e+08	8.07056e+08	1	1
144	0	50	8.1813e+08	8.18173e+08	8.18473e+08	8.18526e+08	1	1
145	0	50	8.30523e+08	8.30558e+08	8.30858e+08	8.3111e+08	0	0
146	1	50	8.34919e+08	8.3496e+08	8.3526e+08	8.35927e+08	0	0
147	1	50	8.39636e+08	8.39678e+08	8.39979e+08	8.40011e+08	1	1
148	0	50	8.54683e+08	8.54715e+08	8.55015e+08	8.55025e+08	0	0
149	1	50	8.56794e+08	8.56838e+08	8.57138e+08	8.57755e+08	0	0
150	1	50	8.65262e+08	8.65301e+08	8.65601e+08	8.65653e+08	0	0
151	1	50	8.71457e+08	8.71504e+08	8.71804e+08	8.72459e+08	0	0
152	0	50	8.80041e+08	8.8008e+08	8.80381e+08	8.80422e+08	0	0
153	0	50	8.86787e+08	8.86829e+08	8.87129e+08	8.87179e+08	1	1
154	0	10	8.92275e+08	8.92309e+08	8.92609e+08	8.9288e+08	0	1
155	1	10	9.02938e+08	9.02979e+08	9.03279e+08	9.033e+08	0	1
156	1	10	9.05378e+08	9.0542e+08	9.0572e+08	9.06951e+08	0	1
157	1	10	9.09138e+08	9.09183e+08	9.09483e+08	9.09902e+08	1	0
158	0	10	9.14976e+08	9.15013e+08	9.15313e+08	9.15637e+08	0	1
159	1	10	9.17765e+08	9.17808e+08	9.18109e+08	9.18258e+08	1	0
160	0	10	9.25599e+08	9.25632e+08	9.25932e+08	9.26006e+08	1	0
161	0	50	9.54272e+08	9.54314e+08	9.54689e+08	9.55341e+08	0	0
162	1	50	9.66016e+08	9.66063e+08	9.66364e+08	9.6797e+08	0	0
163	1	50	9.70445e+08	9.70487e+08	9.70787e+08	9.70795e+08	0	0
164	1	50	9.83408e+08	9.83445e+08	9.83746e+08	9.83821e+08	1	1
165	0	10	9.91719e+08	9.91764e+08	9.92064e+08	9.92194e+08	1	0
166	0	10	9.93814e+08	9.93858e+08	9.94158e+08	9.94214e+08	0	1
167	1	10	9.98835e+08	9.9887e+08	9.9917e+08	9.99363e+08	1	0
168	0	50	1.00501e+09	1.00505e+09	1.00535e+09	1.00551e+09	1	1
169	0	10	1.00717e+09	1.00721e+09	1.00751e+09	1.00792e+09	0	1
170	1	10	1.01231e+09	1.01235e+09	1.01265e+09	1.01274e+09	0	1
171	1	10	1.01438e+09	1.01442e+09	1.01472e+09	1.01611e+09	1	0
172	0	10	1.01771e+09	1.01776e+09	1.01806e+09	1.0182e+09	0	1
173	1	10	1.02242e+09	1.02247e+09	1.02277e+09	1.02278e+09	0	1
174	1	10	1.03031e+09	1.03034e+09	1.03064e+09	1.03127e+09	1	0
175	0	50	1.03289e+09	1.03292e+09	1.03322e+09	1.03334e+09	1	1
176	0	50	1.0393e+09	1.03935e+09	1.03965e+09	1.03967e+09	1	1
177	0	50	1.05071e+09	1.05076e+09	1.05106e+09	1.05113e+09	1	1
178	0	10	1.06365e+09	1.06369e+09	1.06399e+09	1.06403e+09	1	0
179	0	50	1.07364e+09	1.07367e+09	1.07397e+09	1.07398e+09	1	1
180	0	10	1.09455e+09	1.09459e+09	1.09489e+09	1.09492e+09	0	1
181	1	10	1.09649e+09	1.09653e+09	1.09683e+09	1.09696e+09	0	1
182	1	10	1.09869e+09	1.09873e+09	1.09903e+09	1.09943e+09	1	0
183	0	10	1.12049e+09	1.12052e+09	1.12082e+09	1.12089e+09	0	1
184	1	10	1.12632e+09	1.12636e+09	1.12666e+09	1.12667e+09	1	0
185	0	10	1.14505e+09	1.14509e+09	1.1454e+09	1.14552e+09	0	1
186	1	10	1.14718e+09	1.14721e+09	1.14751e+09	1.14768e+09	0	1
187	1	10	1.15211e+09	1.15215e+09	1.15245e+09	1.15247e+09	0	1
188	1	10	1.17112e+09	1.17115e+09	1.17145e+09	1.17466e+09	0	1
189	0	50	1.19688e+09	1.19692e+09	1.19722e+09	1.19729e+09	0	0
190	0	10	1.20145e+09	1.2015e+09	1.2018e+09	1.23037e+09	0	1
191	0	50	1.2348e+09	1.23483e+09	1.23513e+09	1.23577e+09	0	0
192	0	10	1.23952e+09	1.23956e+09	1.23986e+09	1.24186e+09	0	1
193	0	50	1.24352e+09	1.24356e+09	1.24386e+09	1.31735e+09	1	1
194	0	50	1.31906e+09	1.31909e+09	1.31939e+09	1.31958e+09	0	0
195	1	50	1.3355e+09	1.33554e+09	1.33584e+09	1.33586e+09	1	1
196	0	10	1.34727e+09	1.34731e+09	1.34761e+09	1.34762e+09	1	0
197	0	50	1.35933e+09	1.35936e+09	1.35966e+09	1.3599e+09	1	1
198	0	50	1.36996e+09	1.37e+09	1.3703e+09	1.37113e+09	0	0
199	1	50	1.37561e+09	1.37564e+09	1.37594e+09	1.37607e+09	0	0
200	1	50	1.37783e+09	1.37786e+09	1.37816e+09	1.37906e+09	0	0
201	1	50	1.38707e+09	1.38712e+09	1.38742e+09	1.38753e+09	0	0
202	0	50	1.38971e+09	1.38974e+09	1.39004e+09	1.39007e+09	0	0
203	0	10	1.3919e+09	1.39194e+09	1.39224e+09	1.3942e+09	1	0
204	0	10	1.39581e+09	1.39585e+09	1.39615e+09	1.39618e+09	1	0
205	0	10	1.4143e+09	1.41434e+09	1.41464e+09	1.41514e+09	0	1
206	1	10	1.41714e+09	1.41718e+09	1.41748e+09	1.41826e+09	1	0
207	0	10	1.4199e+09	1.41993e+09	1.42023e+09	1.42039e+09	0	1
208	1	10	1.43539e+09	1.43543e+09	1.43573e+09	1.43579e+09	1	0
209	0	10	1.44071e+09	1.44074e+09	1.44104e+09	1.44192e+09	1	0
210	0	10	1.44999e+09	1.45004e+09	1.45034e+09	1.4504e+09	1	0
211	0	50	1.45499e+09	1.45503e+09	1.45534e+09	1.45562e+09	1	1
212	0	50	1.46951e+09	1.46954e+09	1.46984e+09	1.47004e+09	1	1
213	0	50	1.49281e+09	1.49284e+09	1.49314e+09	1.49337e+09	0	0
214	1	50	1.49593e+09	1.49597e+09	1.49627e+09	1.49628e+09	0	0
215	1	50	1.50563e+09	1.50567e+09	1.50597e+09	1.50755e+09	0	0
216	1	50	1.51146e+09	1.51151e+09	1.51181e+09	1.51194e+09	1	1
217	0	50	1.52612e+09	1.52615e+09	1.52645e+09	1.52646e+09	0	0
218	1	50	1.52966e+09	1.5297e+09	1.53e+09	1.53027e+09	1	1
219	0	50	1.53613e+09	1.53618e+09	1.53648e+09	1.53649e+09	0	0
220	1	50	1.54193e+09	1.54197e+09	1.54227e+09	1.54305e+09	0	0
221	1	50	1.54494e+09	1.54497e+09	1.54527e+09	1.54528e+09	0	0
222	1	50	1.54905e+09	1.54909e+09	1.54939e+09	1.54942e+09	1	1
223	0	50	1.55105e+09	1.5511e+09	1.5514e+09	1.5514e+09	1	1
224	0	10	1.55307e+09	1.5531e+09	1.5534e+09	1.5535e+09	0	1
225	1	10	1.55966e+09	1.55969e+09	1.55999e+09	1.56002e+09	1	0
226	0	50	1.56789e+09	1.56793e+09	1.56823e+09	1.56977e+09	0	0
227	1	50	1.58082e+09	1.58086e+09	1.58116e+09	1.58145e+09	0	0
228	1	50	1.58339e+09	1.58343e+09	1.58373e+09	1.58516e+09	0	0
229	1	50	1.58706e+09	1.58711e+09	1.58741e+09	1.58789e+09	0	0
230	0	10	1.59002e+09	1.59005e+09	1.59035e+09	1.59232e+09	1	0
231	0	50	1.60127e+09	1.60131e+09	1.60161e+09	1.60171e+09	0	0
232	1	50	1.61589e+09	1.61593e+09	1.61623e+09	1.61661e+09	0	0
233	1	50	1.61863e+09	1.61867e+09	1.61897e+09	1.61899e+09	0	0
234	1	50	1.6209e+09	1.62095e+09	1.62125e+09	1.6214e+09	0	0
235	0	50	1.62591e+09	1.62595e+09	1.62625e+09	1.62635e+09	0	0
236	0	50	1.64068e+09	1.64072e+09	1.64102e+09	1.6438e+09	1	1
237	0	10	1.6459e+09	1.64594e+09	1.64624e+09	1.64863e+09	1	0
238	0	10	1.65025e+09	1.65029e+09	1.65059e+09	1.65209e+09	1	0
239	0	50	1.6537e+09	1.65373e+09	1.65403e+09	1.65407e+09	0	0
240	1	50	1.66451e+09	1.66455e+09	1.66485e+09	1.66485e+09	1	1
241	0	50	1.67653e+09	1.67656e+09	1.67686e+09	1.6781e+09	0	0
242	1	50	1.68002e+09	1.68007e+09	1.68037e+09	1.6804e+09	0	0
243	1	50	1.6823e+09	1.68234e+09	1.68264e+09	1.68265e+09	0	0
244	1	50	1.68451e+09	1.68455e+09	1.68485e+09	1.68486e+09	1	1
245	0	10	1.6919e+09	1.69193e+09	1.69223e+09	1.69237e+09	0	1
246	1	10	1.69395e+09	1.69399e+09	1.69429e+09	1.69429e+09	1	0
247	0	10	1.70091e+09	1.70094e+09	1.70124e+09	1.70124e+09	0	1
248	1	10	1.70644e+09	1.70649e+09	1.70679e+09	1.71081e+09	1	0
249	0	50	1.71248e+09	1.71252e+09	1.71282e+09	1.71323e+09	1	1
250	0	50	1.71812e+09	1.71815e+09	1.71845e+09	1.71851e+09	1	1
251	0	10	1.73195e+09	1.73198e+09	1.73228e+09	1.73229e+09	1	0
252	0	50	1.73391e+09	1.73395e+09	1.73425e+09	1.73441e+09	1	1
253	0	10	1.74148e+09	1.74152e+09	1.74182e+09	1.74184e+09	0	1
254	1	10	1.74735e+09	1.74739e+09	1.74769e+09	1.74775e+09	1	0
255	0	50	1.76196e+09	1.76199e+09	1.76229e+09	1.76384e+09	0	0
256	1	50	1.76571e+09	1.76576e+09	1.76606e+09	1.76765e+09	0	0
257	1	50	1.77097e+09	1.77101e+09	1.77131e+09	1.77153e+09	0	0
258	1	50	1.77397e+09	1.77401e+09	1.77431e+09	1.77525e+09	0	0
259	0	10	1.78282e+09	1.78286e+09	1.78316e+09	1.78356e+09	1	0
260	0	10	1.78517e+09	1.78521e+09	1.78551e+09	1.78585e+09	1	0
261	0	50	1.79198e+09	1.79202e+09	1.79232e+09	1.7924e+09	1	1
262	0	10	1.8031e+09	1.80315e+09	1.80345e+09	1.80346e+09	1	0
263	0	50	1.80973e+09	1.80977e+09	1.81007e+09	1.8101e+09	1	1
264	0	10	1.81176e+09	1.8118e+09	1.8121e+09	1.8127e+09	0	1
265	1	10	1.82055e+09	1.82058e+09	1.82088e+09	1.82093e+09	0	1
266	1	10	1.82869e+09	1.82873e+09	1.82903e+09	1.83076e+09	0	1
267	1	10	1.834e+09	1.83404e+09	1.83434e+09	1.83537e+09	1	0
268	0	50	1.85888e+09	1.85892e+09	1.85922e+09	1.85963e+09	0	0
269	1	50	1.86544e+09	1.86547e+09	1.86577e+09	1.86634e+09	0	0
270	1	50	1.87186e+09	1.8719e+09	1.8722e+09	1.87288e+09	0	0
271	1	50	1.87479e+09	1.87483e+09	1.87513e+09	1.87575e+09	0	0
272	0	10	1.88397e+09	1.88401e+09	1.88431e+09	1.88435e+09	1	0
273	0	50	1.89302e+09	1.89307e+09	1.89337e+09	1.89342e+09	1	1
274	0	50	1.90206e+09	1.9021e+09	1.9024e+09	1.90246e+09	0	0
275	1	50	1.90422e+09	1.90426e+09	1.90456e+09	1.90467e+09	1	1
276	0	50	1.91252e+09	1.91256e+09	1.91286e+09	1.91314e+09	1	1
277	0	50	1.91481e+09	1.91486e+09	1.91516e+09	1.91529e+09	0	0
278	1	50	1.91973e+09	1.91977e+09	1.92007e+09	1.92054e+09	0	0
279	1	50	1.92418e+09	1.92422e+09	1.92452e+09	1.9255e+09	0	0
280	1	50	1.92781e+09	1.92785e+09	1.92815e+09	1.92906e+09	0	0
281	0	10	1.93488e+09	1.93492e+09	1.93522e+09	1.93556e+09	1	0
282	0	50	1.95011e+09	1.95015e+09	1.95045e+09	1.95091e+09	0	0
283	1	50	1.95382e+09	1.95386e+09	1.95416e+09	1.95564e+09	0	0
284	1	50	1.95775e+09	1.95779e+09	1.95809e+09	1.95809e+09	0	0
285	1	50	1.96098e+09	1.96101e+09	1.96131e+09	1.9616e+09	0	0
286	0	10	1.96363e+09	1.96366e+09	1.96396e+09	1.96498e+09	1	0
287	0	50	1.96671e+09	1.96676e+09	1.96706e+09	1.96707e+09	1	1
288	0	10	1.98054e+09	1.98058e+09	1.98089e+09	1.98143e+09	1	0
289	0	10	1.98305e+09	1.98309e+09	1.98339e+09	1.98359e+09	1	0
290	0	50	1.99429e+09	1.99434e+09	1.99464e+09	1.99466e+09	0	0
291	1	50	1.99757e+09	1.99761e+09	1.99791e+09	1.99806e+09	0	0
292	1	50	2.00028e+09	2.00032e+09	2.00062e+09	2.00108e+09	0	0
293	1	50	2.00305e+09	2.00309e+09	2.00339e+09	2.00368e+09	0	0
294	0	10	2.00545e+09	2.00548e+09	2.00578e+09	2.00592e+09	1	0
295	0	10	2.01325e+09	2.01328e+09	2.01358e+09	2.01398e+09	1	0
296	0	10	2.0156e+09	2.01564e+09	2.01594e+09	2.01706e+09	1	0
297	0	10	2.03085e+09	2.0309e+09	2.0312e+09	2.0313e+09	1	0
298	0	10	2.03613e+09	2.03616e+09	2.03646e+09	2.03652e+09	1	0
299	0	50	2.04737e+09	2.04741e+09	2.04771e+09	2.04774e+09	1	1
300	0	10	2.06031e+09	2.06035e+09	2.06065e+09	2.06066e+09	1	0
301	0	10	2.06822e+09	2.06826e+09	2.06856e+09	2.06866e+09	0	1
302	1	10	2.07244e+09	2.07248e+09	2.07278e+09	2.07279e+09	1	0
303	0	50	2.08678e+09	2.08682e+09	2.08712e+09	2.08715e+09	0	0
304	1	50	2.08894e+09	2.08898e+09	2.08928e+09	2.08944e+09	1	1
305	0	10	2.10103e+09	2.10108e+09	2.10138e+09	2.10182e+09	0	1
306	1	10	2.10396e+09	2.104e+09	2.1043e+09	2.10436e+09	1	0
307	0	50	2.10615e+09	2.1062e+09	2.1065e+09	2.1069e+09	0	0
308	1	50	2.11565e+09	2.11569e+09	2.11599e+09	2.11626e+09	1	1
309	0	10	2.12212e+09	2.12216e+09	2.12246e+09	2.12251e+09	0	1
310	1	10	2.12433e+09	2.12437e+09	2.12467e+09	2.1247e+09	0	1
311	1	10	2.12846e+09	2.1285e+09	2.1288e+09	2.1289e+09	1	0
312	0	50	2.13731e+09	2.13735e+09	2.13765e+09	2.13992e+09	0	0
313	1	50	2.14201e+09	2.14205e+09	2.14235e+09	2.1431e+09	1	1
314	0	50	2.15115e+09	2.1512e+09	2.1515e+09	2.15247e+09	0	0
315	1	50	2.15568e+09	2.15572e+09	2.15602e+09	2.15713e+09	0	0
316	1	50	2.16465e+09	2.16468e+09	2.16498e+09	2.17055e+09	0	0
317	1	50	2.18869e+09	2.18874e+09	2.18904e+09	2.18912e+09	0	0
318	0	50	2.20694e+09	2.20697e+09	2.20727e+09	2.20799e+09	0	0
319	0	10	2.21622e+09	2.21626e+09	2.21656e+09	2.21697e+09	1	0
320	0	50	2.21865e+09	2.21869e+09	2.21899e+09	2.219e+09	1	1
321	0	10	2.22065e+09	2.22069e+09	2.22099e+09	2.22119e+09	1	0
322	0	50	2.23982e+09	2.23986e+09	2.24016e+09	2.24057e+09	0	0
323	1	50	2.2509e+09	2.25094e+09	2.25124e+09	2.25125e+09	1	1
324	0	50	2.26245e+09	2.26249e+09	2.26279e+09	2.26292e+09	1	1
325	0	50	2.26802e+09	2.26806e+09	2.26836e+09	2.26842e+09	1	1
326	0	10	2.28544e+09	2.28548e+09	2.28578e+09	2.28587e+09	1	0
327	0	10	2.29422e+09	2.29426e+09	2.29456e+09	2.29456e+09	1	0
328	0	10	2.30506e+09	2.30511e+09	2.30541e+09	2.30757e+09	1	0
329	0	10	2.31755e+09	2.3176e+09	2.3179e+09	2.31805e+09	1	0
330	0	10	2.32921e+09	2.32925e+09	2.32955e+09	2.32973e+09	1	0
331	0	10	2.33134e+09	2.33138e+09	2.33168e+09	2.33172e+09	0	1
332	1	10	2.33336e+09	2.3334e+09	2.3337e+09	2.33491e+09	1	0
333	0	50	2.34121e+09	2.34125e+09	2.34155e+09	2.34223e+09	0	0
334	1	50	2.34445e+09	2.3445e+09	2.3448e+09	2.34491e+09	0	0
335	1	50	2.34681e+09	2.34684e+09	2.34715e+09	2.34716e+09	1	1
336	0	50	2.35421e+09	2.35424e+09	2.35454e+09	2.35581e+09	0	0
337	1	50	2.3584e+09	2.35844e+09	2.35874e+09	2.36009e+09	0	0
338	1	50	2.36211e+09	2.36215e+09	2.36245e+09	2.36399e+09	0	0
339	1	50	2.36624e+09	2.36628e+09	2.36658e+09	2.36733e+09	0	0
340	0	10	2.36928e+09	2.36932e+09	2.36962e+09	2.37133e+09	1	0
341	0	50	2.37823e+09	2.37827e+09	2.37857e+09	2.37879e+09	1	1
342	0	50	2.38796e+09	2.388e+09	2.3883e+09	2.38836e+09	0	0
343	1	50	2.39029e+09	2.39033e+09	2.39063e+09	2.39072e+09	0	0
344	1	50	2.39263e+09	2.39268e+09	2.39298e+09	2.3937e+09	0	0
345	1	50	2.39589e+09	2.39593e+09	2.39623e+09	2.39732e+09	1	1
346	0	10	2.40495e+09	2.40499e+09	2.40529e+09	2.40578e+09	1	0
347	0	50	2.40742e+09	2.40746e+09	2.40776e+09	2.40779e+09	1	1
348	0	50	2.4187e+09	2.41874e+09	2.41904e+09	2.41943e+09	0	0
349	1	50	2.42937e+09	2.42942e+09	2.42972e+09	2.43038e+09	0	0
350	1	50	2.4362e+09	2.43625e+09	2.43655e+09	2.43756e+09	0	0
351	1	50	2.43983e+09	2.43987e+09	2.44017e+09	2.44142e+09	0	0
352	0	50	2.4435e+09	2.44354e+09	2.44384e+09	2.44704e+09	0	0
353	0	50	2.44898e+09	2.44902e+09	2.44933e+09	2.45173e+09	0	0
354	0	50	2.45997e+09	2.46e+09	2.4603e+09	2.46033e+09	0	0
355	0	10	2.46224e+09	2.46228e+09	2.46258e+09	2.46369e+09	1	0
356	0	50	2.46573e+09	2.46576e+09	2.46606e+09	2.46608e+09	1	1
357	0	50	2.47423e+09	2.47426e+09	2.47456e+09	2.47468e+09	1	1
358	0	50	2.48245e+09	2.48249e+09	2.48279e+09	2.48314e+09	1	1
359	0	50	2.49181e+09	2.49185e+09	2.49215e+09	2.4928e+09	1	1
360	0	50	2.50304e+09	2.50308e+09	2.50338e+09	2.50363e+09	1	1
361	0	10	2.50882e+09	2.50886e+09	2.50916e+09	2.50926e+09	0	1
362	1	10	2.51213e+09	2.51217e+09	2.51247e+09	2.51288e+09	1	0
363	0	50	2.51455e+09	2.51459e+09	2.51489e+09	2.51497e+09	1	1
364	0	50	2.5329e+09	2.53294e+09	2.53324e+09	2.53334e+09	0	0
365	1	50	2.54099e+09	2.54102e+09	2.54132e+09	2.54154e+09	0	0
366	1	50	2.54422e+09	2.54426e+09	2.54456e+09	2.54468e+09	0	0
367	1	50	2.54658e+09	2.54662e+09	2.54692e+09	2.54804e+09	1	1
368	0	10	2.55376e+09	2.55381e+09	2.55411e+09	2.55416e+09	1	0
369	0	50	2.55578e+09	2.55583e+09	2.55613e+09	2.55615e+09	1	1
370	0	10	2.55793e+09	2.55797e+09	2.55827e+09	2.55856e+09	0	1
371	1	10	2.56249e+09	2.56253e+09	2.56283e+09	2.56466e+09	1	0
372	0	10	2.56951e+09	2.56955e+09	2.56985e+09	2.57231e+09	0	1
373	1	10	2.5743e+09	2.57434e+09	2.57464e+09	2.57567e+09	1	0
374	0	50	2.5832e+09	2.58324e+09	2.58354e+09	2.58446e+09	0	0
375	1	50	2.58635e+09	2.58639e+09	2.58669e+09	2.5873e+09	0	0
376	1	50	2.58932e+09	2.58936e+09	2.58966e+09	2.58995e+09	0	0
377	1	50	2.59195e+09	2.59199e+09	2.59229e+09	2.5923e+09	0	0
378	0	50	2.59514e+09	2.59517e+09	2.59547e+09	2.59772e+09	0	0
379	0	50	2.59953e+09	2.59957e+09	2.59987e+09	2.6017e+09	0	0
380	0	50	2.60582e+09	2.60586e+09	2.60616e+09	2.60622e+09	1	1
381	0	10	2.61484e+09	2.61488e+09	2.61518e+09	2.6155e+09	1	0
382	0	10	2.61711e+09	2.61716e+09	2.61746e+09	2.61831e+09	1	0
383	0	10	2.62571e+09	2.62575e+09	2.62605e+09	2.62607e+09	0	1
384	1	10	2.63736e+09	2.6374e+09	2.6377e+09	2.63779e+09	0	1
385	1	10	2.64148e+09	2.64151e+09	2.64182e+09	2.64234e+09	1	0
386	0	10	2.64613e+09	2.64617e+09	2.64647e+09	2.64655e+09	1	0
387	0	50	2.64817e+09	2.6482e+09	2.6485e+09	2.64877e+09	0	0
388	1	50	2.65343e+09	2.65348e+09	2.65378e+09	2.65431e+09	0	0
389	1	50	2.6564e+09	2.65644e+09	2.65674e+09	2.6574e+09	0	0
390	1	50	2.66051e+09	2.66055e+09	2.66085e+09	2.66147e+09	0	0
391	0	10	2.66397e+09	2.66401e+09	2.66431e+09	2.66574e+09	1	0
392	0	10	2.67479e+09	2.67484e+09	2.67514e+09	2.67522e+09	0	1
393	1	10	2.67704e+09	2.67708e+09	2.67738e+09	2.67756e+09	1	0
394	0	10	2.6917e+09	2.69174e+09	2.69204e+09	2.69254e+09	1	0
395	0	50	2.70097e+09	2.70102e+09	2.70132e+09	2.70261e+09	0	0
396	1	50	2.70462e+09	2.70466e+09	2.70496e+09	2.70502e+09	1	1
397	0	10	2.70914e+09	2.70917e+09	2.70947e+09	2.70956e+09	0	1
398	1	10	2.71125e+09	2.71129e+09	2.71159e+09	2.71326e+09	1	0
399	0	10	2.72054e+09	2.72058e+09	2.72088e+09	2.72094e+09	0	1
400	1	10	2.72356e+09	2.7236e+09	2.7239e+09	2.724e+09	0	1
401	1	10	2.72677e+09	2.72681e+09	2.72711e+09	2.72775e+09	1	0
402	0	10	2.72939e+09	2.72943e+09	2.72973e+09	2.72979e+09	1	0
403	0	10	2.74636e+09	2.7464e+09	2.7467e+09	2.74722e+09	0	1
404	1	10	2.74887e+09	2.74891e+09	2.74921e+09	2.74991e+09	1	0
405	0	50	2.75171e+09	2.75174e+09	2.75204e+09	2.75205e+09	1	1
406	0	50	2.7613e+09	2.76135e+09	2.76165e+09	2.76168e+09	1	1
407	0	10	2.77545e+09	2.77549e+09	2.77579e+09	2.7769e+09	1	0
408	0	10	2.77932e+09	2.77936e+09	2.77966e+09	2.77974e+09	0	1
409	1	10	2.78963e+09	2.78966e+09	2.78996e+09	2.78998e+09	1	0
410	0	10	2.79401e+09	2.79404e+09	2.79435e+09	2.79629e+09	1	0
411	0	50	2.80813e+09	2.80816e+09	2.80846e+09	2.8089e+09	0	0
412	1	50	2.81112e+09	2.81116e+09	2.81146e+09	2.81314e+09	0	0
413	1	50	2.81491e+09	2.81494e+09	2.81524e+09	2.81526e+09	1	1
414	0	10	2.81706e+09	2.8171e+09	2.8174e+09	2.81762e+09	1	0
415	0	50	2.8303e+09	2.83034e+09	2.83065e+09	2.83114e+09	0	0
416	1	50	2.83397e+09	2.83402e+09	2.83432e+09	2.83544e+09	0	0
417	1	50	2.83711e+09	2.83715e+09	2.83745e+09	2.83923e+09	0	0
418	1	50	2.84112e+09	2.84117e+09	2.84147e+09	2.84214e+09	0	0
419	0	50	2.84399e+09	2.84402e+09	2.84432e+09	2.84479e+09	0	0
420	0	50	2.8466e+09	2.84664e+09	2.84694e+09	2.8482e+09	0	0
421	0	50	2.84998e+09	2.85002e+09	2.85032e+09	2.8504e+09	0	0
422	0	10	2.85215e+09	2.8522e+09	2.8525e+09	2.85254e+09	1	0
423	0	10	2.85424e+09	2.85427e+09	2.85457e+09	2.85621e+09	1	0
424	0	10	2.86021e+09	2.86026e+09	2.86056e+09	2.86058e+09	1	0
425	0	10	2.87038e+09	2.87042e+09	2.87072e+09	2.87081e+09	1	0
426	0	10	2.87255e+09	2.87259e+09	2.87289e+09	2.87399e+09	1	0
427	0	50	2.88674e+09	2.88679e+09	2.88709e+09	2.88711e+09	0	0
428	1	50	2.88893e+09	2.88897e+09	2.88927e+09	2.88929e+09	0	0
429	1	50	2.89107e+09	2.89112e+09	2.89142e+09	2.89149e+09	1	1
430	0	50	2.90437e+09	2.90442e+09	2.90472e+09	2.90498e+09	0	0
431	1	50	2.90909e+09	2.90913e+09	2.90943e+09	2.91063e+09	0	0
432	1	50	2.91235e+09	2.9124e+09	2.9127e+09	2.9129e+09	1	1
433	0	50	2.91471e+09	2.91474e+09	2.91505e+09	2.91585e+09	0	0
434	1	50	2.92502e+09	2.92506e+09	2.92536e+09	2.92539e+09	0	0
435	1	50	2.92713e+09	2.92718e+09	2.92748e+09	2.92797e+09	0	0
436	1	50	2.92984e+09	2.92988e+09	2.93018e+09	2.93071e+09	0	0
437	0	10	2.93614e+09	2.93619e+09	2.93649e+09	2.9366e+09	1	0
438	0	50	2.93984e+09	2.93988e+09	2.94018e+09	2.94038e+09	0	0
439	1	50	2.94306e+09	2.94311e+09	2.94341e+09	2.94348e+09	0	0
440	1	50	2.94572e+09	2.94576e+09	2.94606e+09	2.94607e+09	1	1
441	0	10	2.95681e+09	2.95685e+09	2.95715e+09	2.95721e+09	1	0
442	0	50	2.96319e+09	2.96323e+09	2.96353e+09	2.96359e+09	1	1
443	0	50	2.97308e+09	2.97312e+09	2.97342e+09	2.97343e+09	1	1
444	0	10	2.98374e+09	2.98378e+09	2.98408e+09	2.99181e+09	1	0
445	0	50	2.99344e+09	2.99347e+09	2.99377e+09	2.99532e+09	0	0
446	1	50	3.00082e+09	3.00086e+09	3.00116e+09	3.00118e+09	0	0
447	1	50	3.00473e+09	3.00477e+09	3.00507e+09	3.00669e+09	0	0
448	1	50	3.0093e+09	3.00935e+09	3.00965e+09	3.0108e+09	0	0
449	0	50	3.01271e+09	3.01275e+09	3.01306e+09	3.01413e+09	0	0
450	0	10	3.01606e+09	3.01609e+09	3.01639e+09	3.01662e+09	1	0
451	0	10	3.01826e+09	3.01831e+09	3.01861e+09	3.01904e+09	1	0
452	0	10	3.02403e+09	3.02407e+09	3.02437e+09	3.02444e+09	0	1
453	1	10	3.0261e+09	3.02614e+09	3.02644e+09	3.02682e+09	1	0
454	0	10	3.02845e+09	3.02848e+09	3.02879e+09	3.02894e+09	0	1
455	1	10	3.03827e+09	3.03831e+09	3.03861e+09	3.03871e+09	1	0
456	0	50	3.04035e+09	3.04039e+09	3.04069e+09	3.04084e+09	1	1
457	0	50	3.04264e+09	3.04268e+09	3.04298e+09	3.043e+09	1	1
458	0	10	3.04924e+09	3.04928e+09	3.04958e+09	3.04963e+09	1	0
459	0	10	3.05126e+09	3.0513e+09	3.0516e+09	3.05272e+09	0	1
460	1	10	3.06111e+09	3.06115e+09	3.06145e+09	3.06148e+09	1	0
461	0	10	3.07129e+09	3.07133e+09	3.07163e+09	3.07166e+09	0	1
462	1	10	3.0755e+09	3.07554e+09	3.07584e+09	3.07597e+09	1	0
463	0	50	3.07773e+09	3.07777e+09	3.07807e+09	3.07808e+09	1	1
464	0	50	3.09061e+09	3.09065e+09	3.09095e+09	3.09307e+09	0	0
465	1	50	3.10037e+09	3.10041e+09	3.10071e+09	3.1017e+09	0	0
466	1	50	3.11751e+09	3.11756e+09	3.11786e+09	3.11959e+09	0	0
467	1	50	3.12986e+09	3.1299e+09	3.1302e+09	3.13026e+09	1	1
468	0	50	3.13496e+09	3.135e+09	3.1353e+09	3.13633e+09	1	1
469	0	50	3.13807e+09	3.13811e+09	3.13841e+09	3.13865e+09	1	1
470	0	10	3.14325e+09	3.1433e+09	3.1436e+09	3.14398e+09	1	0
471	0	50	3.1542e+09	3.15423e+09	3.15453e+09	3.15591e+09	0	0
472	1	50	3.15767e+09	3.15772e+09	3.15802e+09	3.15987e+09	0	0
473	1	50	3.16165e+09	3.16169e+09	3.16199e+09	3.16262e+09	0	0
474	1	50	3.16466e+09	3.16469e+09	3.16499e+09	3.165e+09	0	0
475	0	10	3.16675e+09	3.1668e+09	3.1671e+09	3.16782e+09	1	0
476	0	50	3.16945e+09	3.16949e+09	3.16979e+09	3.17166e+09	0	0
477	1	50	3.17361e+09	3.17366e+09	3.17396e+09	3.17397e+09	0	0
478	1	50	3.17624e+09	3.17628e+09	3.17658e+09	3.17828e+09	0	0
479	1	50	3.18092e+09	3.18096e+09	3.18126e+09	3.18344e+09	0	0
480	0	10	3.18601e+09	3.18606e+09	3.18636e+09	3.18686e+09	1	0
481	0	50	3.19174e+09	3.19178e+09	3.19208e+09	3.19344e+09	0	0
482	1	50	3.19522e+09	3.19527e+09	3.19557e+09	3.19588e+09	1	1
483	0	50	3.19762e+09	3.19767e+09	3.19797e+09	3.19798e+09	1	1
484	0	10	3.20382e+09	3.20385e+09	3.20415e+09	3.20428e+09	1	0
485	0	10	3.20908e+09	3.20911e+09	3.20941e+09	3.21094e+09	1	0
486	0	10	3.21269e+09	3.21273e+09	3.21303e+09	3.2131e+09	0	1
487	1	10	3.2185e+09	3.21854e+09	3.21885e+09	3.2217e+09	1	0
488	0	10	3.22333e+09	3.22337e+09	3.22367e+09	3.22407e+09	0	1
489	1	10	3.2264e+09	3.22644e+09	3.22674e+09	3.22695e+09	1	0
490	0	10	3.2286e+09	3.22864e+09	3.22894e+09	3.22918e+09	1	0
491	0	10	3.23402e+09	3.23406e+09	3.23436e+09	3.23612e+09	1	0
492	0	50	3.23775e+09	3.23779e+09	3.23809e+09	3.23817e+09	1	1
493	0	50	3.2398e+09	3.23984e+09	3.24014e+09	3.24016e+09	0	0
494	1	50	3.24495e+09	3.24499e+09	3.24529e+09	3.24946e+09	0	0
495	1	50	3.25138e+09	3.25142e+09	3.25172e+09	3.253e+09	0	0
496	1	50	3.25505e+09	3.25509e+09	3.25539e+09	3.2561e+09	0	0
497	0	50	3.25804e+09	3.25807e+09	3.25837e+09	3.25978e+09	0	0
498	0	10	3.26178e+09	3.26183e+09	3.26213e+09	3.26425e+09	1	0
499	0	10	3.26589e+09	3.26593e+09	3.26623e+09	3.26624e+09	0	1
500	1	10	3.27438e+09	3.27442e+09	3.27472e+09	3.2754e+09	1	0
501	0	10	3.28684e+09	3.28689e+09	3.28719e+09	3.2901e+09	1	0
502	0	10	3.29391e+09	3.29395e+09	3.29425e+09	3.29428e+09	0	1
503	1	10	3.29597e+09	3.29602e+09	3.29632e+09	3.29636e+09	0	1
504	1	10	3.29924e+09	3.29929e+09	3.29959e+09	3.29963e+09	1	0
505	0	10	3.30841e+09	3.30845e+09	3.30876e+09	3.30879e+09	1	0
506	0	10	3.32507e+09	3.32512e+09	3.32542e+09	3.3265e+09	0	1
507	1	10	3.32811e+09	3.32815e+09	3.32845e+09	3.32957e+09	1	0
508	0	50	3.33312e+09	3.33316e+09	3.33346e+09	3.33353e+09	1	1
509	0	10	3.34117e+09	3.34121e+09	3.34151e+09	3.34155e+09	0	1
510	1	10	3.34496e+09	3.34501e+09	3.34531e+09	3.34533e+09	1	0
511	0	10	3.34699e+09	3.34704e+09	3.34734e+09	3.34825e+09	0	1
512	1	10	3.354e+09	3.35404e+09	3.35434e+09	3.35674e+09	1	0
513	0	50	3.35837e+09	3.35841e+09	3.35871e+09	3.35888e+09	0	0
514	1	50	3.36077e+09	3.3608e+09	3.3611e+09	3.36302e+09	0	0
515	1	50	3.36466e+09	3.36471e+09	3.36501e+09	3.36504e+09	1	1
516	0	10	3.36669e+09	3.36672e+09	3.36702e+09	3.36711e+09	0	1
517	1	10	3.36872e+09	3.36876e+09	3.36906e+09	3.36916e+09	1	0
518	0	50	3.37266e+09	3.37269e+09	3.373e+09	3.37308e+09	1	1
519	0	50	3.3783e+09	3.37834e+09	3.37864e+09	3.38169e+09	0	0
520	1	50	3.38355e+09	3.38358e+09	3.38388e+09	3.38392e+09	0	0
521	1	50	3.38558e+09	3.38561e+09	3.38591e+09	3.38712e+09	0	0
522	1	50	3.38873e+09	3.38877e+09	3.38907e+09	3.39046e+09	1	1
523	0	50	3.39211e+09	3.39216e+09	3.39246e+09	3.39249e+09	1	1
524	0	10	3.39415e+09	3.39418e+09	3.39448e+09	3.39449e+09	0	1
525	1	10	3.39906e+09	3.3991e+09	3.3994e+09	3.3995e+09	1	0
526	0	10	3.40113e+09	3.40117e+09	3.40147e+09	3.40163e+09	0	1
527	1	10	3.40457e+09	3.40461e+09	3.40491e+09	3.4071e+09	1	0
528	0	10	3.40908e+09	3.40911e+09	3.40942e+09	3.4096e+09	0	1
529	1	10	3.41121e+09	3.41125e+09	3.41155e+09	3.41158e+09	1	0
530	0	50	3.4156e+09	3.41565e+09	3.41595e+09	3.41718e+09	0	0
531	1	50	3.41905e+09	3.41909e+09	3.41939e+09	3.42022e+09	0	0
532	1	50	3.42202e+09	3.42205e+09	3.42235e+09	3.4231e+09	0	0
533	1	50	3.4263e+09	3.42634e+09	3.42664e+09	3.4274e+09	0	0
534	0	50	3.42931e+09	3.42936e+09	3.42966e+09	3.43147e+09	0	0
535	0	10	3.43322e+09	3.43326e+09	3.43356e+09	3.43437e+09	1	0
536	0	10	3.44293e+09	3.44298e+09	3.44328e+09	3.44338e+09	1	0
537	0	50	3.45023e+09	3.45027e+09	3.45058e+09	3.45251e+09	0	0
538	1	50	3.45437e+09	3.45442e+09	3.45472e+09	3.45659e+09	0	0
539	1	50	3.45827e+09	3.45832e+09	3.45862e+09	3.46106e+09	0	0
540	1	50	3.46296e+09	3.463e+09	3.4633e+09	3.46532e+09	0	0
541	0	10	3.46696e+09	3.467e+09	3.4673e+09	3.46953e+09	1	0
542	0	50	3.47117e+09	3.47121e+09	3.47151e+09	3.47154e+09	1	1
543	0	50	3.47328e+09	3.47333e+09	3.47363e+09	3.47374e+09	1	1
544	0	10	3.48146e+09	3.48151e+09	3.48181e+09	3.48421e+09	1	0
545	0	50	3.48628e+09	3.48632e+09	3.48662e+09	3.48798e+09	0	0
546	1	50	3.49131e+09	3.49135e+09	3.49165e+09	3.49377e+09	0	0
547	1	50	3.49568e+09	3.49573e+09	3.49603e+09	3.49895e+09	0	0
548	1	50	3.50089e+09	3.50093e+09	3.50123e+09	3.50327e+09	0	0
549	0	50	3.50748e+09	3.50752e+09	3.50782e+09	3.51085e+09	0	0
550	0	50	3.51352e+09	3.51356e+09	3.51386e+09	3.5175e+09	0	0
551	0	50	3.52024e+09	3.52027e+09	3.52057e+09	3.52899e+09	0	0
552	0	10	3.53075e+09	3.5308e+09	3.5311e+09	3.53274e+09	1	0
553	0	50	3.53445e+09	3.53448e+09	3.53478e+09	3.53481e+09	1	1
554	0	10	3.54151e+09	3.54155e+09	3.54185e+09	3.54208e+09	0	1
555	1	10	3.54446e+09	3.5445e+09	3.5448e+09	3.54618e+09	1	0
556	0	50	3.55058e+09	3.55061e+09	3.55091e+09	3.55219e+09	0	0
557	1	50	3.55636e+09	3.55639e+09	3.55669e+09	3.56011e+09	0	0
558	1	50	3.5621e+09	3.56214e+09	3.56244e+09	3.56419e+09	0	0
559	1	50	3.56586e+09	3.56589e+09	3.56619e+09	3.5691e+09	0	0
560	0	10	3.57095e+09	3.57098e+09	3.57128e+09	3.57196e+09	1	0
561	0	50	3.57361e+09	3.57365e+09	3.57395e+09	3.57408e+09	0	0
562	1	50	3.57593e+09	3.57596e+09	3.57626e+09	3.57656e+09	0	0
563	1	50	3.58067e+09	3.58071e+09	3.58101e+09	3.58394e+09	0	0
564	1	50	3.58817e+09	3.58821e+09	3.58851e+09	3.59369e+09	0	0
565	0	10	3.59562e+09	3.59566e+09	3.59596e+09	3.59646e+09	0	1
566	0	50	3.59925e+09	3.59929e+09	3.59959e+09	3.61034e+09	1	1
567	0	50	3.61458e+09	3.61462e+09	3.61492e+09	3.61508e+09	1	1
568	0	10	3.62008e+09	3.62012e+09	3.62042e+09	3.62733e+09	1	0