
001	0	10	5.71803e+06	5.76682e+06	6.0684e+06	6.96295e+06	1	0
002	0	10	1.22624e+07	1.22987e+07	1.2599e+07	1.27162e+07	1	0
003	0	50	1.69749e+07	1.70105e+07	1.73108e+07	1.74486e+07	1	1
004	0	50	2.36206e+07	2.36639e+07	2.39641e+07	2.4208e+07	0	0
005	1	50	2.57639e+07	2.58043e+07	2.61045e+07	2.73597e+07	0	0
006	1	50	3.0763e+07	3.08016e+07	3.11019e+07	3.22968e+07	0	0
007	1	50	3.39528e+07	3.40015e+07	3.43018e+07	3.48475e+07	0	0
008	0	10	3.81993e+07	3.82409e+07	3.85412e+07	3.91996e+07	1	0
009	0	50	4.46505e+07	4.46915e+07	4.49917e+07	4.52178e+07	0	0
010	1	50	4.7361e+07	4.74057e+07	4.77059e+07	5.38188e+07	1	1
011	0	10	5.5892e+07	5.59338e+07	5.62341e+07	5.62643e+07	1	0
012	0	50	6.18834e+07	6.19187e+07	6.22189e+07	6.22303e+07	0	0
013	1	50	6.42386e+07	6.42765e+07	6.45768e+07	6.55307e+07	0	0
014	1	50	6.73956e+07	6.74297e+07	6.773e+07	6.81485e+07	1	1
015	0	10	7.11189e+07	7.11648e+07	7.1465e+07	7.19626e+07	1	0
016	0	10	7.87548e+07	7.88002e+07	7.91005e+07	8.02275e+07	1	0
017	0	50	8.25938e+07	8.26366e+07	8.29369e+07	8.4363e+07	0	0
018	1	50	8.70728e+07	8.71122e+07	8.74125e+07	8.86819e+07	1	1
019	0	10	9.22122e+07	9.22457e+07	9.25459e+07	9.57336e+07	0	1
020	1	10	9.74305e+07	9.74699e+07	9.77701e+07	9.84016e+07	1	0
021	0	50	1.05299e+08	1.05338e+08	1.05638e+08	1.06018e+08	0	0
022	1	50	1.08111e+08	1.0815e+08	1.08451e+08	1.09682e+08	0	0
023	1	50	1.12103e+08	1.12144e+08	1.12445e+08	1.13462e+08	1	1
024	0	10	1.17793e+08	1.17828e+08	1.18128e+08	1.18176e+08	1	0
025	0	50	1.20024e+08	1.20063e+08	1.20363e+08	1.21073e+08	1	1
026	0	10	1.27981e+08	1.28021e+08	1.28321e+08	1.29485e+08	0	1
027	1	10	1.3251e+08	1.32553e+08	1.32853e+08	1.34238e+08	1	0
028	0	50	1.43547e+08	1.43596e+08	1.43897e+08	1.45188e+08	1	1
029	0	50	1.46795e+08	1.46836e+08	1.47137e+08	1.47564e+08	0	0
030	1	50	1.49543e+08	1.49576e+08	1.49876e+08	1.50226e+08	0	0
031	1	50	1.52458e+08	1.52497e+08	1.52797e+08	1.53609e+08	0	0
032	1	50	1.5585e+08	1.55896e+08	1.56196e+08	1.58506e+08	0	0
033	0	50	1.61791e+08	1.61831e+08	1.62131e+08	1.62959e+08	0	0
034	0	50	1.652e+08	1.65238e+08	1.65538e+08	1.67081e+08	0	0
035	0	10	1.69555e+08	1.69595e+08	1.69895e+08	1.73573e+08	1	0
036	0	50	1.77919e+08	1.77963e+08	1.78263e+08	1.79011e+08	1	1
037	0	10	1.84837e+08	1.84879e+08	1.85179e+08	1.85293e+08	1	0
038	0	50	1.90543e+08	1.90577e+08	1.90877e+08	1.90973e+08	0	0
039	1	50	1.92891e+08	1.92936e+08	1.93236e+08	1.94645e+08	1	1
040	0	10	1.97972e+08	1.98011e+08	1.98311e+08	1.99069e+08	0	1
041	1	10	2.00862e+08	2.0091e+08	2.01211e+08	2.01296e+08	1	0
042	0	10	2.03179e+08	2.03218e+08	2.03518e+08	2.04144e+08	0	1
043	1	10	2.05797e+08	2.05834e+08	2.06135e+08	2.06684e+08	1	0
044	0	50	2.1089e+08	2.10932e+08	2.11232e+08	2.12933e+08	1	1
045	0	10	2.17705e+08	2.17745e+08	2.18046e+08	2.18775e+08	1	0
046	0	10	2.2111e+08	2.21155e+08	2.21455e+08	2.21613e+08	1	0
047	0	10	2.28813e+08	2.28852e+08	2.29152e+08	2.30672e+08	0	1
048	1	10	2.33742e+08	2.33776e+08	2.34076e+08	2.35811e+08	1	0
049	0	10	2.37983e+08	2.38027e+08	2.38327e+08	2.38559e+08	1	0
050	0	10	2.43711e+08	2.43757e+08	2.44057e+08	2.44344e+08	0	1
051	1	10	2.46058e+08	2.46093e+08	2.46394e+08	2.52818e+08	1	0
052	0	50	2.62031e+08	2.62065e+08	2.62365e+08	2.63701e+08	0	0
053	1	50	2.67177e+08	2.67209e+08	2.67509e+08	2.68454e+08	0	0
054	1	50	2.70871e+08	2.70907e+08	2.71207e+08	2.7346e+08	0	0
055	1	50	2.76118e+08	2.76152e+08	2.76453e+08	2.76718e+08	0	0
056	0	10	2.78282e+08	2.78331e+08	2.78632e+08	2.79327e+08	1	0
057	0	10	2.81404e+08	2.81449e+08	2.81749e+08	2.81843e+08	0	1
058	1	10	2.84179e+08	2.84218e+08	2.84518e+08	2.84723e+08	1	0
059	0	50	2.90156e+08	2.90186e+08	2.90487e+08	2.90785e+08	0	0
060	1	50	2.92695e+08	2.9273e+08	2.9303e+08	2.96088e+08	0	0
061	1	50	2.99289e+08	2.99334e+08	2.99634e+08	3.01131e+08	0	0
062	1	50	3.03508e+08	3.03553e+08	3.03853e+08	3.0424e+08	0	0
063	0	10	3.08566e+08	3.08614e+08	3.08915e+08	3.10055e+08	1	0
064	0	50	3.12107e+08	3.1214e+08	3.1244e+08	3.12672e+08	0	0
065	1	50	3.15308e+08	3.15344e+08	3.15644e+08	3.16075e+08	0	0
066	1	50	3.18134e+08	3.18167e+08	3.18468e+08	3.21683e+08	0	0
067	1	50	3.24456e+08	3.24495e+08	3.24795e+08	3.26569e+08	0	0
068	0	10	3.29281e+08	3.29319e+08	3.29619e+08	3.31533e+08	1	0
069	0	50	3.34841e+08	3.34873e+08	3.35173e+08	3.35848e+08	0	0
070	1	50	3.38829e+08	3.38863e+08	3.39163e+08	3.40769e+08	0	0
071	1	50	3.44563e+08	3.4461e+08	3.4491e+08	3.46725e+08	0	0
072	1	50	3.49658e+08	3.49702e+08	3.50002e+08	3.51775e+08	0	0
073	0	50	3.54667e+08	3.54708e+08	3.55008e+08	3.55494e+08	0	0
074	0	50	3.57803e+08	3.57845e+08	3.58145e+08	3.6511e+08	0	0
075	0	10	3.67017e+08	3.67058e+08	3.67358e+08	3.68078e+08	0	1
076	0	50	3.70816e+08	3.7085e+08	3.7115e+08	3.7323e+08	0	0
077	0	10	3.75543e+08	3.75582e+08	3.75882e+08	3.76718e+08	1	0
078	0	50	3.80409e+08	3.8044e+08	3.80741e+08	3.80792e+08	0	0
079	1	50	3.8484e+08	3.84884e+08	3.85184e+08	3.87303e+08	0	0
080	1	50	3.90055e+08	3.90092e+08	3.90392e+08	3.91626e+08	1	1
081	0	50	3.94982e+08	3.95027e+08	3.95327e+08	3.9729e+08	0	0
082	1	50	3.99241e+08	3.99285e+08	3.99585e+08	3.99592e+08	1	1
083	0	50	4.01199e+08	4.01232e+08	4.01532e+08	4.01745e+08	0	0
084	1	50	4.0344e+08	4.03479e+08	4.03779e+08	4.03787e+08	1	1
085	0	10	4.07363e+08	4.07401e+08	4.07701e+08	4.08042e+08	0	1
086	1	10	4.10132e+08	4.10168e+08	4.10468e+08	4.10568e+08	1	0
087	0	10	4.14967e+08	4.15e+08	4.153e+08	4.15382e+08	1	0
088	0	10	4.174e+08	4.17434e+08	4.17734e+08	4.18621e+08	0	1
089	1	10	4.22749e+08	4.22784e+08	4.23084e+08	4.23139e+08	1	0
090	0	10	4.26354e+08	4.26388e+08	4.26688e+08	4.26699e+08	1	0
091	0	10	4.28289e+08	4.28328e+08	4.28628e+08	4.28639e+08	1	0
092	0	10	4.36519e+08	4.36568e+08	4.36868e+08	4.38285e+08	1	0
093	0	50	4.41925e+08	4.41964e+08	4.42265e+08	4.42283e+08	0	0
094	1	50	4.47833e+08	4.47875e+08	4.48175e+08	4.48594e+08	1	1
095	0	50	4.56017e+08	4.56056e+08	4.56356e+08	4.57303e+08	0	0
096	1	50	4.59145e+08	4.59184e+08	4.59484e+08	4.60177e+08	0	0
097	1	50	4.61971e+08	4.62013e+08	4.62313e+08	4.63349e+08	0	0
098	1	50	4.74702e+08	4.74736e+08	4.75036e+08	4.76913e+08	0	0
099	0	10	4.78924e+08	4.7897e+08	4.7927e+08	4.79953e+08	0	1
100	0	50	4.82337e+08	4.82385e+08	4.82685e+08	4.84339e+08	0	0
101	0	50	4.86827e+08	4.86861e+08	4.87161e+08	4.87314e+08	0	0
102	0	10	4.89664e+08	4.8971e+08	4.9001e+08	4.9164e+08	1	0
103	0	50	4.96273e+08	4.9632e+08	4.9662e+08	4.97933e+08	0	0
104	1	50	5.00987e+08	5.01033e+08	5.01334e+08	5.01598e+08	0	0
105	1	50	5.0324e+08	5.03274e+08	5.03574e+08	5.04207e+08	1	1
106	0	50	5.09606e+08	5.09644e+08	5.09945e+08	5.11649e+08	0	0
107	1	50	5.13497e+08	5.13533e+08	5.13833e+08	5.13859e+08	0	0
108	1	50	5.16101e+08	5.16147e+08	5.16447e+08	5.16565e+08	0	0
109	1	50	5.18837e+08	5.18877e+08	5.19177e+08	5.20532e+08	0	0
110	0	50	5.27107e+08	5.27149e+08	5.27449e+08	5.29488e+08	0	0
111	0	50	5.31843e+08	5.31881e+08	5.32181e+08	5.32658e+08	0	0
112	0	50	5.34935e+08	5.34974e+08	5.35274e+08	5.36978e+08	0	0
113	0	10	5.38774e+08	5.3882e+08	5.3912e+08	5.39186e+08	1	0
114	0	50	5.40799e+08	5.40836e+08	5.41136e+08	5.41223e+08	0	0
115	1	50	5.44777e+08	5.44822e+08	5.45122e+08	5.45172e+08	0	0
116	1	50	5.46977e+08	5.47014e+08	5.47315e+08	5.47487e+08	0	0
117	1	50	5.49565e+08	5.49607e+08	5.49907e+08	5.50119e+08	0	0
118	0	50	5.52068e+08	5.52102e+08	5.52403e+08	5.53222e+08	0	0
119	0	50	5.55326e+08	5.55374e+08	5.55675e+08	5.55918e+08	0	0
120	0	50	5.58989e+08	5.59025e+08	5.59326e+08	5.64212e+08	1	1
121	0	50	5.69573e+08	5.69606e+08	5.69906e+08	5.70229e+08	0	0
122	1	50	5.72373e+08	5.72416e+08	5.72716e+08	5.73115e+08	1	1
123	0	10	5.79039e+08	5.79087e+08	5.79387e+08	5.80176e+08	1	0
124	0	50	5.86384e+08	5.86417e+08	5.86717e+08	5.86875e+08	0	0
125	1	50	5.89753e+08	5.89794e+08	5.90094e+08	5.91994e+08	0	0
126	1	50	5.94601e+08	5.94631e+08	5.94932e+08	5.98165e+08	1	1
127	0	50	6.00109e+08	6.00148e+08	6.00448e+08	6.00539e+08	0	0
128	1	50	6.0358e+08	6.03625e+08	6.03925e+08	6.04089e+08	0	0
129	1	50	6.06503e+08	6.06541e+08	6.06841e+08	6.06905e+08	0	0
130	1	50	6.10549e+08	6.10592e+08	6.10892e+08	6.13627e+08	0	0
131	0	10	6.16162e+08	6.16197e+08	6.16497e+08	6.17175e+08	0	1
132	0	50	6.19679e+08	6.19714e+08	6.20014e+08	6.21438e+08	0	0
133	0	10	6.23831e+08	6.23879e+08	6.24179e+08	6.24721e+08	1	0
134	0	10	6.28991e+08	6.29034e+08	6.29334e+08	6.29703e+08	0	1
135	1	10	6.31945e+08	6.31989e+08	6.3229e+08	6.32297e+08	1	0
136	0	50	6.35793e+08	6.35826e+08	6.36126e+08	6.36163e+08	1	1
137	0	50	6.42895e+08	6.42942e+08	6.43242e+08	6.45305e+08	0	0
138	1	50	6.49035e+08	6.49075e+08	6.49375e+08	6.5174e+08	0	0
139	1	50	6.54424e+08	6.54472e+08	6.54772e+08	6.5507e+08	0	0
140	1	50	6.57705e+08	6.57751e+08	6.58052e+08	6.58456e+08	1	1
141	0	50	6.66748e+08	6.66787e+08	6.67087e+08	6.70793e+08	0	0
142	1	50	6.73037e+08	6.73076e+08	6.73376e+08	6.74218e+08	1	1
143	0	50	6.77458e+08	6.77502e+08	6.77802e+08	6.79246e+08	0	0
144	1	50	6.80928e+08	6.80978e+08	6.81278e+08	6.84521e+08	0	0
145	1	50	6.86376e+08	6.86423e+08	6.86723e+08	6.86867e+08	1	1
146	0	10	6.93569e+08	6.93612e+08	6.93913e+08	6.94314e+08	1	0
147	0	10	6.9912e+08	6.99165e+08	6.99465e+08	6.99523e+08	1	0
148	0	10	7.01537e+08	7.01585e+08	7.01886e+08	7.02952e+08	0	1
149	1	10	7.06235e+08	7.06272e+08	7.06572e+08	7.06587e+08	1	0
150	0	10	7.12373e+08	7.12405e+08	7.12705e+08	7.12826e+08	0	1
151	1	10	7.14926e+08	7.14968e+08	7.15268e+08	7.15939e+08	0	1
152	1	10	7.17657e+08	7.17692e+08	7.17992e+08	7.18001e+08	1	0
153	0	50	7.3704e+08	7.37075e+08	7.37376e+08	7.4054e+08	0	0
154	1	50	7.4271e+08	7.42751e+08	7.43051e+08	7.43123e+08	1	1
155	0	10	7.44816e+08	7.44862e+08	7.45162e+08	7.46013e+08	0	1
156	1	10	7.52339e+08	7.52381e+08	7.52681e+08	7.56199e+08	0	1
157	1	10	7.58454e+08	7.58491e+08	7.58791e+08	7.61823e+08	1	0
158	0	10	7.6346e+08	7.63501e+08	7.63801e+08	7.64051e+08	1	0
159	0	10	7.753e+08	7.75346e+08	7.75646e+08	7.76144e+08	1	0
160	0	50	7.77744e+08	7.77792e+08	7.78092e+08	7.78472e+08	1	1
161	0	10	7.8039e+08	7.8043e+08	7.8073e+08	7.81912e+08	0	1
162	1	10	7.85498e+08	7.85534e+08	7.85835e+08	7.86099e+08	0	1
163	1	10	7.87823e+08	7.8786e+08	7.8816e+08	7.91238e+08	1	0
164	0	10	8.01745e+08	8.01782e+08	8.02082e+08	8.03237e+08	0	1
165	1	10	8.10022e+08	8.10061e+08	8.10361e+08	8.11055e+08	1	0
166	0	10	8.12725e+08	8.1276e+08	8.13061e+08	8.13097e+08	1	0
167	0	10	8.21606e+08	8.21639e+08	8.2194e+08	8.22137e+08	1	0
168	0	50	8.27575e+08	8.27616e+08	8.27916e+08	8.29998e+08	0	0
169	1	50	8.36774e+08	8.36812e+08	8.37112e+08	8.37758e+08	1	1
170	0	50	8.42245e+08	8.42288e+08	8.42588e+08	8.42902e+08	1	1
171	0	10	8.489e+08	8.48932e+08	8.49232e+08	8.49378e+08	0	1
172	1	10	8.51927e+08	8.5196e+08	8.5226e+08	8.52553e+08	0	1
173	1	10	8.54687e+08	8.54726e+08	8.55026e+08	8.554e+08	1	0
174	0	10	8.62308e+08	8.62348e+08	8.62648e+08	8.62743e+08	1	0
175	0	10	8.69663e+08	8.69694e+08	8.69994e+08	8.71733e+08	1	0
176	0	50	8.74734e+08	8.74778e+08	8.75078e+08	8.75348e+08	0	0
177	1	50	8.82801e+08	8.82835e+08	8.83136e+08	8.84367e+08	0	0
178	1	50	8.86801e+08	8.86833e+08	8.87133e+08	8.87161e+08	1	1
179	0	10	8.89841e+08	8.89876e+08	8.90176e+08	8.90414e+08	0	1
180	1	10	8.92139e+08	8.92183e+08	8.92483e+08	8.92553e+08	1	0
181	0	50	8.94166e+08	8.942e+08	8.94501e+08	8.94567e+08	0	0
182	1	50	9.02297e+08	9.02339e+08	9.02639e+08	9.04388e+08	0	0
183	1	50	9.07197e+08	9.07232e+08	9.07533e+08	9.07608e+08	0	0
184	1	50	9.11646e+08	9.11689e+08	9.11989e+08	9.13634e+08	0	0
185	0	50	9.16693e+08	9.16736e+08	9.17036e+08	9.18414e+08	0	0
186	0	50	9.21333e+08	9.21381e+08	9.21681e+08	9.22139e+08	0	0
187	0	50	9.24832e+08	9.24877e+08	9.25177e+08	9.25197e+08	1	1
188	0	10	9.31829e+08	9.31861e+08	9.32162e+08	9.338e+08	1	0
189	0	10	9.35409e+08	9.35455e+08	9.35755e+08	9.36384e+08	1	0
190	0	10	9.43133e+08	9.43176e+08	9.43476e+08	9.44034e+08	1	0
191	0	10	9.54255e+08	9.54296e+08	9.54596e+08	9.55835e+08	1	0
192	0	10	9.61318e+08	9.6136e+08	9.6166e+08	9.61739e+08	0	1
193	1	10	9.64236e+08	9.6427e+08	9.6457e+08	9.64831e+08	0	1
194	1	10	9.66508e+08	9.66555e+08	9.66855e+08	9.66884e+08	0	1
195	1	10	9.74956e+08	9.74996e+08	9.75296e+08	9.75859e+08	1	0
196	0	50	9.79245e+08	9.79292e+08	9.79592e+08	9.79654e+08	1	1
197	0	50	9.83138e+08	9.83173e+08	9.83474e+08	9.8349e+08	1	1
198	0	50	9.87554e+08	9.8759e+08	9.87891e+08	9.87927e+08	0	0
199	1	50	9.91011e+08	9.91056e+08	9.91437e+08	9.92998e+08	0	0
200	1	50	9.95254e+08	9.95305e+08	9.95605e+08	1.0001e+09	1	1
201	0	10	1.00544e+09	1.00548e+09	1.00578e+09	1.00593e+09	0	1
202	1	10	1.00889e+09	1.00893e+09	1.00923e+09	1.00954e+09	1	0
203	0	50	1.01702e+09	1.01706e+09	1.01736e+09	1.0183e+09	0	0
204	1	50	1.02015e+09	1.02019e+09	1.02049e+09	1.02122e+09	0	0
205	1	50	1.02446e+09	1.02449e+09	1.02479e+09	1.02609e+09	0	0
206	1	50	1.02824e+09	1.02828e+09	1.02858e+09	1.03093e+09	1	1
207	0	10	1.03547e+09	1.03551e+09	1.03581e+09	1.03603e+09	1	0
208	0	50	1.04389e+09	1.04394e+09	1.04424e+09	1.04682e+09	1	1
209	0	50	1.04954e+09	1.04958e+09	1.04988e+09	1.05074e+09	1	1
210	0	10	1.05245e+09	1.05248e+09	1.05278e+09	1.05279e+09	1	0
211	0	50	1.05944e+09	1.05947e+09	1.05977e+09	1.06008e+09	0	0
212	1	50	1.06195e+09	1.06199e+09	1.06229e+09	1.06249e+09	0	0
213	1	50	1.065e+09	1.06504e+09	1.06534e+09	1.06539e+09	1	1
214	0	50	1.06701e+09	1.06704e+09	1.06734e+09	1.06741e+09	0	0
215	1	50	1.06917e+09	1.0692e+09	1.0695e+09	1.07063e+09	0	0
216	1	50	1.07317e+09	1.0732e+09	1.0735e+09	1.07358e+09	0	0
217	1	50	1.07583e+09	1.07587e+09	1.07617e+09	1.07638e+09	0	0
218	0	10	1.07944e+09	1.07948e+09	1.07978e+09	1.07985e+09	1	0
219	0	10	1.08146e+09	1.08149e+09	1.08179e+09	1.08189e+09	1	0
220	0	10	1.08352e+09	1.08356e+09	1.08386e+09	1.08387e+09	1	0
221	0	10	1.09138e+09	1.09141e+09	1.09171e+09	1.09177e+09	1	0
222	0	50	1.09498e+09	1.09502e+09	1.09532e+09	1.09533e+09	0	0
223	1	50	1.09785e+09	1.0979e+09	1.0982e+09	1.09827e+09	0	0
224	1	50	1.10006e+09	1.1001e+09	1.1004e+09	1.10074e+09	0	0
225	1	50	1.10277e+09	1.10281e+09	1.10311e+09	1.10319e+09	0	0
226	0	50	1.105e+09	1.10503e+09	1.10533e+09	1.1069e+09	0	0
227	0	10	1.11022e+09	1.11027e+09	1.11057e+09	1.11087e+09	1	0
228	0	10	1.11754e+09	1.11757e+09	1.11787e+09	1.11795e+09	1	0
229	0	10	1.12939e+09	1.12942e+09	1.12972e+09	1.13016e+09	1	0
230	0	50	1.13746e+09	1.1375e+09	1.1378e+09	1.13791e+09	0	0
231	1	50	1.14433e+09	1.14438e+09	1.14468e+09	1.146e+09	0	0
232	1	50	1.15401e+09	1.15405e+09	1.15435e+09	1.15605e+09	0	0
233	1	50	1.16203e+09	1.16207e+09	1.16237e+09	1.16287e+09	0	0
234	0	50	1.16542e+09	1.16545e+09	1.16575e+09	1.16717e+09	0	0
235	0	50	1.16947e+09	1.16951e+09	1.16981e+09	1.17042e+09	1	1
236	0	50	1.17491e+09	1.17496e+09	1.17526e+09	1.17621e+09	0	0
237	1	50	1.18165e+09	1.18169e+09	1.18199e+09	1.18365e+09	1	1
238	0	10	1.1853e+09	1.18534e+09	1.18564e+09	1.18565e+09	1	0
239	0	50	1.19747e+09	1.19751e+09	1.19781e+09	1.1982e+09	0	0
240	1	50	1.20172e+09	1.20176e+09	1.20206e+09	1.20246e+09	0	0
241	1	50	1.20453e+09	1.20456e+09	1.20486e+09	1.20487e+09	0	0
242	1	50	1.21002e+09	1.21006e+09	1.21036e+09	1.21081e+09	0	0
243	0	10	1.21306e+09	1.21309e+09	1.21339e+09	1.21457e+09	1	0
244	0	50	1.22178e+09	1.22181e+09	1.22211e+09	1.22219e+09	0	0
245	1	50	1.22436e+09	1.22439e+09	1.22469e+09	1.2247e+09	0	0
246	1	50	1.22707e+09	1.22712e+09	1.22742e+09	1.22767e+09	1	1
247	0	10	1.23402e+09	1.23406e+09	1.23436e+09	1.23453e+09	1	0
248	0	50	1.2421e+09	1.24214e+09	1.24244e+09	1.24289e+09	0	0
249	1	50	1.24555e+09	1.24558e+09	1.24588e+09	1.24595e+09	0	0
250	1	50	1.24808e+09	1.24812e+09	1.24842e+09	1.24996e+09	0	0
251	1	50	1.25752e+09	1.25756e+09	1.25787e+09	1.25793e+09	0	0
252	0	50	1.25994e+09	1.25999e+09	1.26029e+09	1.26113e+09	0	0
253	0	10	1.26602e+09	1.26605e+09	1.26635e+09	1.26681e+09	1	0
254	0	10	1.26904e+09	1.26908e+09	1.26938e+09	1.26944e+09	1	0
255	0	10	1.2752e+09	1.27524e+09	1.27554e+09	1.27578e+09	1	0
256	0	10	1.28174e+09	1.28178e+09	1.28208e+09	1.28209e+09	1	0
257	0	10	1.2837e+09	1.28374e+09	1.28404e+09	1.28411e+09	1	0
258	0	10	1.28893e+09	1.28897e+09	1.28927e+09	1.28937e+09	1	0
259	0	50	1.29748e+09	1.29752e+09	1.29782e+09	1.29788e+09	1	1
260	0	50	1.30661e+09	1.30665e+09	1.30695e+09	1.30697e+09	0	0
261	1	50	1.30877e+09	1.30881e+09	1.30911e+09	1.31012e+09	0	0
262	1	50	1.31214e+09	1.31218e+09	1.31248e+09	1.31252e+09	0	0
263	1	50	1.31586e+09	1.3159e+09	1.3162e+09	1.31642e+09	0	0
264	0	50	1.3184e+09	1.31844e+09	1.31874e+09	1.32024e+09	0	0
265	0	10	1.32239e+09	1.32243e+09	1.32273e+09	1.32278e+09	1	0
266	0	10	1.33178e+09	1.33183e+09	1.33213e+09	1.33214e+09	1	0
267	0	10	1.338e+09	1.33804e+09	1.33834e+09	1.33838e+09	1	0
268	0	10	1.34825e+09	1.34829e+09	1.34859e+09	1.34861e+09	1	0
269	0	10	1.35947e+09	1.35952e+09	1.35982e+09	1.36213e+09	1	0
270	0	10	1.37864e+09	1.37869e+09	1.37899e+09	1.38007e+09	1	0
271	0	50	1.38602e+09	1.38606e+09	1.38636e+09	1.38647e+09	0	0
272	1	50	1.38856e+09	1.3886e+09	1.3889e+09	1.38894e+09	0	0
273	1	50	1.39149e+09	1.39153e+09	1.39183e+09	1.39184e+09	0	0
274	1	50	1.39404e+09	1.39409e+09	1.39439e+09	1.39556e+09	0	0
275	0	10	1.39814e+09	1.39817e+09	1.39847e+09	1.39853e+09	1	0
276	0	10	1.4039e+09	1.40394e+09	1.40424e+09	1.4044e+09	1	0
277	0	50	1.40601e+09	1.40605e+09	1.40635e+09	1.40636e+09	0	0
278	1	50	1.41066e+09	1.41069e+09	1.41099e+09	1.41106e+09	0	0
279	1	50	1.41335e+09	1.4134e+09	1.4137e+09	1.41377e+09	0	0
280	1	50	1.41592e+09	1.41596e+09	1.41626e+09	1.41677e+09	0	0
281	0	10	1.41844e+09	1.41849e+09	1.41879e+09	1.41926e+09	1	0
282	0	50	1.42747e+09	1.42751e+09	1.42781e+09	1.4281e+09	0	0
283	1	50	1.42982e+09	1.42987e+09	1.43017e+09	1.43114e+09	0	0
284	1	50	1.43316e+09	1.4332e+09	1.4335e+09	1.43371e+09	0	0
285	1	50	1.43659e+09	1.43663e+09	1.43693e+09	1.43704e+09	0	0
286	0	50	1.44009e+09	1.44013e+09	1.44043e+09	1.44183e+09	0	0
287	0	50	1.44369e+09	1.44373e+09	1.44404e+09	1.44458e+09	0	0
288	0	10	1.44699e+09	1.44702e+09	1.44732e+09	1.44833e+09	0	1
289	0	10	1.45054e+09	1.45059e+09	1.45089e+09	1.45153e+09	1	0
290	0	10	1.45929e+09	1.45933e+09	1.45963e+09	1.45968e+09	1	0
291	0	50	1.46516e+09	1.4652e+09	1.4655e+09	1.46552e+09	0	0
292	1	50	1.46715e+09	1.46719e+09	1.46749e+09	1.46758e+09	0	0
293	1	50	1.46922e+09	1.46926e+09	1.46956e+09	1.46995e+09	0	0
294	1	50	1.47227e+09	1.47231e+09	1.47261e+09	1.47312e+09	0	0
295	0	50	1.47517e+09	1.4752e+09	1.4755e+09	1.47659e+09	1	1
296	0	10	1.48008e+09	1.48012e+09	1.48042e+09	1.48052e+09	1	0
297	0	10	1.48511e+09	1.48514e+09	1.48544e+09	1.48551e+09	1	0
298	0	50	1.49405e+09	1.49408e+09	1.49438e+09	1.4944e+09	0	0
299	1	50	1.49843e+09	1.49847e+09	1.49877e+09	1.49878e+09	0	0
300	1	50	1.50087e+09	1.5009e+09	1.5012e+09	1.50153e+09	0	0
301	1	50	1.50339e+09	1.50343e+09	1.50373e+09	1.50376e+09	0	0
302	0	10	1.50551e+09	1.50555e+09	1.50585e+09	1.50592e+09	0	1
303	0	50	1.50782e+09	1.50786e+09	1.50816e+09	1.50817e+09	0	0
304	0	50	1.51025e+09	1.51029e+09	1.51059e+09	1.51111e+09	0	0
305	0	10	1.51325e+09	1.5133e+09	1.5136e+09	1.51395e+09	1	0
306	0	50	1.51591e+09	1.51594e+09	1.51624e+09	1.51649e+09	0	0
307	1	50	1.52354e+09	1.52357e+09	1.52387e+09	1.52402e+09	0	0
308	1	50	1.52625e+09	1.5263e+09	1.5266e+09	1.52995e+09	0	0
309	1	50	1.53207e+09	1.53211e+09	1.53241e+09	1.53293e+09	0	0
310	0	50	1.5363e+09	1.53635e+09	1.53665e+09	1.53758e+09	0	0
311	0	50	1.54056e+09	1.5406e+09	1.5409e+09	1.54091e+09	0	0
312	0	50	1.54274e+09	1.54278e+09	1.54308e+09	1.54387e+09	0	0
313	0	10	1.546e+09	1.54603e+09	1.54633e+09	1.54637e+09	1	0
314	0	50	1.54808e+09	1.54821e+09	1.54851e+09	1.55004e+09	0	0
315	1	50	1.55237e+09	1.55241e+09	1.55271e+09	1.55278e+09	0	0
316	1	50	1.5546e+09	1.55465e+09	1.55495e+09	1.55512e+09	0	0
317	1	50	1.55714e+09	1.55718e+09	1.55748e+09	1.55759e+09	0	0
318	0	10	1.55971e+09	1.55975e+09	1.56005e+09	1.56053e+09	1	0
319	0	50	1.56216e+09	1.56219e+09	1.56249e+09	1.56252e+09	0	0
320	1	50	1.56428e+09	1.56432e+09	1.56462e+09	1.56475e+09	0	0
321	1	50	1.56917e+09	1.56922e+09	1.56952e+09	1.56986e+09	0	0
322	1	50	1.57164e+09	1.57168e+09	1.57198e+09	1.57283e+09	0	0
323	0	10	1.57519e+09	1.57522e+09	1.57552e+09	1.5759e+09	1	0
324	0	50	1.57753e+09	1.57757e+09	1.57787e+09	1.5807e+09	0	0
325	1	50	1.58447e+09	1.58451e+09	1.58481e+09	1.58579e+09	0	0
326	1	50	1.58799e+09	1.58803e+09	1.58833e+09	1.58888e+09	0	0
327	1	50	1.59122e+09	1.59126e+09	1.59156e+09	1.59331e+09	0	0
328	0	10	1.59531e+09	1.59535e+09	1.59565e+09	1.5957e+09	1	0
329	0	50	1.59745e+09	1.59748e+09	1.59778e+09	1.59784e+09	0	0
330	1	50	1.60159e+09	1.60163e+09	1.60193e+09	1.60196e+09	0	0
331	1	50	1.6044e+09	1.60444e+09	1.60474e+09	1.60621e+09	1	1
332	0	50	1.6097e+09	1.60973e+09	1.61003e+09	1.61006e+09	0	0
333	1	50	1.6143e+09	1.61434e+09	1.61464e+09	1.61518e+09	0	0
334	1	50	1.61717e+09	1.61721e+09	1.61751e+09	1.61762e+09	0	0
335	1	50	1.61958e+09	1.61961e+09	1.61991e+09	1.62119e+09	0	0
336	0	10	1.62339e+09	1.62342e+09	1.62373e+09	1.6242e+09	1	0
337	0	10	1.63102e+09	1.63106e+09	1.63136e+09	1.6314e+09	1	0
338	0	10	1.63673e+09	1.63676e+09	1.63706e+09	1.63749e+09	1	0
339	0	10	1.64492e+09	1.64497e+09	1.64527e+09	1.64536e+09	1	0
340	0	10	1.65265e+09	1.65269e+09	1.65299e+09	1.65305e+09	1	0
341	0	10	1.66093e+09	1.66097e+09	1.66127e+09	1.66177e+09	1	0
342	0	10	1.66686e+09	1.6669e+09	1.6672e+09	1.66724e+09	1	0
343	0	10	1.66896e+09	1.669e+09	1.6693e+09	1.66933e+09	1	0
344	0	50	1.6745e+09	1.67454e+09	1.67484e+09	1.67513e+09	0	0
345	1	50	1.67754e+09	1.67758e+09	1.67788e+09	1.67789e+09	0	0
346	1	50	1.67973e+09	1.67977e+09	1.68007e+09	1.68012e+09	0	0
347	1	50	1.68276e+09	1.6828e+09	1.6831e+09	1.6837e+09	0	0
348	0	10	1.68763e+09	1.68768e+09	1.68798e+09	1.68845e+09	0	1
349	0	50	1.69034e+09	1.69038e+09	1.69068e+09	1.69098e+09	1	1
350	0	50	1.70034e+09	1.70038e+09	1.70068e+09	1.70076e+09	0	0
351	1	50	1.70324e+09	1.70328e+09	1.70358e+09	1.70399e+09	0	0
352	1	50	1.70744e+09	1.70748e+09	1.70778e+09	1.70782e+09	1	1
353	0	10	1.71282e+09	1.71286e+09	1.71316e+09	1.71321e+09	1	0
354	0	10	1.71491e+09	1.71495e+09	1.71525e+09	1.71541e+09	1	0
355	0	50	1.71704e+09	1.71707e+09	1.71737e+09	1.71738e+09	0	0
356	1	50	1.72394e+09	1.72398e+09	1.72428e+09	1.72439e+09	0	0
357	1	50	1.72646e+09	1.72649e+09	1.72679e+09	1.72768e+09	0	0
358	1	50	1.73001e+09	1.73005e+09	1.73035e+09	1.73083e+09	1	1
359	0	50	1.73276e+09	1.7328e+09	1.7331e+09	1.73312e+09	0	0
360	1	50	1.7381e+09	1.73813e+09	1.73843e+09	1.73847e+09	0	0
361	1	50	1.74095e+09	1.741e+09	1.7413e+09	1.74131e+09	0	0
362	1	50	1.74385e+09	1.74389e+09	1.74419e+09	1.74428e+09	0	0
363	0	50	1.74715e+09	1.7472e+09	1.7475e+09	1.74881e+09	0	0
364	0	10	1.75098e+09	1.75103e+09	1.75133e+09	1.75172e+09	1	0
365	0	50	1.75377e+09	1.7538e+09	1.7541e+09	1.75412e+09	0	0
366	1	50	1.76295e+09	1.76299e+09	1.76329e+09	1.76335e+09	1	1
367	0	50	1.77633e+09	1.77637e+09	1.77667e+09	1.77853e+09	0	0
368	1	50	1.7804e+09	1.78044e+09	1.78074e+09	1.78077e+09	0	0
369	1	50	1.78291e+09	1.78296e+09	1.78326e+09	1.78328e+09	0	0
370	1	50	1.7854e+09	1.78544e+09	1.78574e+09	1.78756e+09	0	0
371	0	10	1.78974e+09	1.78978e+09	1.79008e+09	1.79145e+09	1	0
372	0	50	1.79702e+09	1.79706e+09	1.79736e+09	1.79738e+09	0	0
373	1	50	1.80065e+09	1.80069e+09	1.80099e+09	1.80102e+09	0	0
374	1	50	1.80264e+09	1.80268e+09	1.80298e+09	1.8043e+09	0	0
375	1	50	1.80658e+09	1.80662e+09	1.80692e+09	1.80814e+09	0	0
376	0	10	1.81032e+09	1.81035e+09	1.81065e+09	1.81228e+09	1	0
377	0	10	1.81805e+09	1.81808e+09	1.81838e+09	1.81839e+09	1	0
378	0	10	1.82018e+09	1.82022e+09	1.82052e+09	1.82053e+09	1	0
379	0	10	1.82959e+09	1.82963e+09	1.82993e+09	1.83e+09	1	0
380	0	10	1.83552e+09	1.83556e+09	1.83586e+09	1.83593e+09	1	0
381	0	10	1.84162e+09	1.84166e+09	1.84196e+09	1.84196e+09	1	0
382	0	10	1.85134e+09	1.85139e+09	1.85169e+09	1.85169e+09	1	0
383	0	50	1.85878e+09	1.85882e+09	1.85912e+09	1.85915e+09	0	0
384	1	50	1.86171e+09	1.86175e+09	1.86205e+09	1.86209e+09	0	0
385	1	50	1.86489e+09	1.86492e+09	1.86522e+09	1.86527e+09	0	0
386	1	50	1.87084e+09	1.87087e+09	1.87117e+09	1.87152e+09	0	0
387	0	50	1.87365e+09	1.87368e+09	1.87399e+09	1.87405e+09	0	0
388	0	50	1.87636e+09	1.8764e+09	1.8767e+09	1.87782e+09	0	0
389	0	50	1.88395e+09	1.884e+09	1.8843e+09	1.88432e+09	1	1
390	0	50	1.88735e+09	1.88739e+09	1.88769e+09	1.88789e+09	0	0
391	1	50	1.89076e+09	1.89081e+09	1.89111e+09	1.89118e+09	0	0
392	1	50	1.8933e+09	1.89334e+09	1.89364e+09	1.8945e+09	0	0
393	1	50	1.89711e+09	1.89715e+09	1.89745e+09	1.89848e+09	0	0
394	0	50	1.90107e+09	1.9011e+09	1.9014e+09	1.90163e+09	0	0
395	0	10	1.90355e+09	1.90359e+09	1.90389e+09	1.90393e+09	0	1
396	0	50	1.90564e+09	1.90568e+09	1.90598e+09	1.90612e+09	1	1
397	0	50	1.90831e+09	1.90836e+09	1.90866e+09	1.90867e+09	0	0
398	1	50	1.91053e+09	1.91057e+09	1.91087e+09	1.91095e+09	0	0
399	1	50	1.9129e+09	1.91295e+09	1.91325e+09	1.91338e+09	1	1
400	0	50	1.91973e+09	1.91976e+09	1.92006e+09	1.92009e+09	0	0
401	1	50	1.92209e+09	1.92213e+09	1.92243e+09	1.92291e+09	0	0
402	1	50	1.92505e+09	1.92508e+09	1.92538e+09	1.9255e+09	0	0
403	1	50	1.93894e+09	1.93899e+09	1.93929e+09	1.94159e+09	0	0
404	0	50	1.94363e+09	1.94368e+09	1.94398e+09	1.94404e+09	0	0
405	0	50	1.94665e+09	1.9467e+09	1.947e+09	1.94859e+09	0	0
406	0	50	1.95066e+09	1.95069e+09	1.95099e+09	1.95291e+09	0	0
407	0	10	1.95531e+09	1.95535e+09	1.95565e+09	1.95927e+09	1	0
408	0	10	1.96398e+09	1.96402e+09	1.96432e+09	1.96433e+09	1	0
409	0	10	1.96597e+09	1.96601e+09	1.96631e+09	1.96655e+09	0	1
410	1	10	1.97389e+09	1.97393e+09	1.97423e+09	1.97428e+09	1	0
411	0	50	1.97992e+09	1.97996e+09	1.98026e+09	1.98036e+09	0	0
412	1	50	1.98211e+09	1.98215e+09	1.98245e+09	1.98296e+09	1	1
413	0	10	1.98745e+09	1.9875e+09	1.9878e+09	1.98796e+09	1	0
414	0	10	1.98958e+09	1.98962e+09	1.98992e+09	1.99004e+09	1	0
415	0	50	1.9963e+09	1.99635e+09	1.99665e+09	1.99669e+09	1	1
416	0	50	2.0015e+09	2.00153e+09	2.00183e+09	2.00189e+09	0	0
417	1	50	2.00415e+09	2.00419e+09	2.00449e+09	2.00456e+09	0	0
418	1	50	2.00673e+09	2.00678e+09	2.00708e+09	2.00788e+09	0	0
419	1	50	2.00971e+09	2.00975e+09	2.01005e+09	2.01013e+09	0	0
420	0	50	2.01198e+09	2.01201e+09	2.01231e+09	2.0138e+09	0	0
421	0	10	2.01554e+09	2.01557e+09	2.01587e+09	2.01607e+09	1	0
422	0	50	2.01773e+09	2.01777e+09	2.01807e+09	2.01809e+09	0	0
423	1	50	2.02e+09	2.02004e+09	2.02034e+09	2.02035e+09	0	0
424	1	50	2.02223e+09	2.02226e+09	2.02256e+09	2.02273e+09	0	0
425	1	50	2.02462e+09	2.02466e+09	2.02496e+09	2.0251e+09	0	0
426	0	50	2.02701e+09	2.02704e+09	2.02734e+09	2.02739e+09	0	0
427	0	50	2.02927e+09	2.02932e+09	2.02962e+09	2.03041e+09	0	0
428	0	50	2.03421e+09	2.03425e+09	2.03455e+09	2.03593e+09	0	0
429	0	10	2.03799e+09	2.03803e+09	2.03833e+09	2.03834e+09	1	0
430	0	50	2.04e+09	2.04004e+09	2.04034e+09	2.04037e+09	0	0
431	1	50	2.0423e+09	2.04233e+09	2.04263e+09	2.04341e+09	0	0
432	1	50	2.04573e+09	2.04577e+09	2.04607e+09	2.04608e+09	0	0
433	1	50	2.04796e+09	2.04801e+09	2.04831e+09	2.04837e+09	0	0
434	0	50	2.0501e+09	2.05013e+09	2.05043e+09	2.05057e+09	0	0
435	0	50	2.0526e+09	2.05264e+09	2.05294e+09	2.05331e+09	0	0
436	0	50	2.05532e+09	2.05536e+09	2.05566e+09	2.05643e+09	0	0
437	0	10	2.05858e+09	2.05862e+09	2.05892e+09	2.05915e+09	1	0
438	0	50	2.0673e+09	2.06733e+09	2.06763e+09	2.06767e+09	0	0
439	1	50	2.06949e+09	2.06953e+09	2.06983e+09	2.06995e+09	0	0
440	1	50	2.0718e+09	2.07185e+09	2.07215e+09	2.07221e+09	0	0
441	1	50	2.07406e+09	2.0741e+09	2.07441e+09	2.07442e+09	0	0
442	0	10	2.07681e+09	2.07685e+09	2.07715e+09	2.07734e+09	1	0
443	0	50	2.08293e+09	2.08297e+09	2.08327e+09	2.08329e+09	0	0
444	1	50	2.08941e+09	2.08944e+09	2.08974e+09	2.09071e+09	0	0
445	1	50	2.09296e+09	2.093e+09	2.0933e+09	2.09542e+09	0	0
446	1	50	2.09776e+09	2.09779e+09	2.09809e+09	2.09915e+09	0	0
447	0	10	2.1014e+09	2.10143e+09	2.10174e+09	2.10425e+09	1	0
448	0	10	2.11174e+09	2.11179e+09	2.11209e+09	2.11211e+09	1	0
449	0	50	2.11806e+09	2.1181e+09	2.1184e+09	2.11841e+09	0	0
450	1	50	2.12044e+09	2.12047e+09	2.12077e+09	2.12079e+09	0	0
451	1	50	2.1238e+09	2.12384e+09	2.12414e+09	2.12509e+09	0	0
452	1	50	2.12951e+09	2.12955e+09	2.12985e+09	2.12986e+09	0	0
453	0	50	2.1316e+09	2.13164e+09	2.13194e+09	2.13299e+09	0	0
454	0	50	2.13486e+09	2.1349e+09	2.1352e+09	2.13577e+09	0	0
455	0	50	2.13766e+09	2.1377e+09	2.138e+09	2.13801e+09	0	0
456	0	50	2.13988e+09	2.13992e+09	2.14022e+09	2.14109e+09	0	0
457	0	10	2.14389e+09	2.14393e+09	2.14423e+09	2.14423e+09	1	0
458	0	50	2.14956e+09	2.1496e+09	2.1499e+09	2.14991e+09	0	0
459	1	50	2.15171e+09	2.15176e+09	2.15206e+09	2.1521e+09	0	0
460	1	50	2.15576e+09	2.1558e+09	2.1561e+09	2.15817e+09	0	0
461	1	50	2.16061e+09	2.16064e+09	2.16094e+09	2.16198e+09	0	0
462	0	50	2.16466e+09	2.1647e+09	2.165e+09	2.16628e+09	0	0
463	0	50	2.16804e+09	2.16807e+09	2.16837e+09	2.16986e+09	0	0
464	0	50	2.17179e+09	2.17183e+09	2.17213e+09	2.17412e+09	0	0
465	0	50	2.17602e+09	2.17605e+09	2.17635e+09	2.17748e+09	0	0
466	0	50	2.17927e+09	2.1793e+09	2.1796e+09	2.17962e+09	0	0
467	0	10	2.18121e+09	2.18125e+09	2.18155e+09	2.18215e+09	1	0
468	0	10	2.18754e+09	2.18758e+09	2.18788e+09	2.18796e+09	1	0
469	0	10	2.1975e+09	2.19754e+09	2.19784e+09	2.20081e+09	1	0
470	0	10	2.20245e+09	2.2025e+09	2.2028e+09	2.20452e+09	1	0
471	0	50	2.20937e+09	2.2094e+09	2.2097e+09	2.20987e+09	0	0
472	1	50	2.21442e+09	2.21446e+09	2.21476e+09	2.21618e+09	0	0
473	1	50	2.21778e+09	2.21781e+09	2.21811e+09	2.21813e+09	0	0
474	1	50	2.22012e+09	2.22016e+09	2.22046e+09	2.22147e+09	0	0
475	0	50	2.22307e+09	2.22311e+09	2.22341e+09	2.22348e+09	0	0
476	0	50	2.2255e+09	2.22554e+09	2.22584e+09	2.2269e+09	0	0
477	0	50	2.22851e+09	2.22854e+09	2.22884e+09	2.22928e+09	0	0
478	0	50	2.23217e+09	2.23221e+09	2.23251e+09	2.23454e+09	0	0
479	0	50	2.23653e+09	2.23658e+09	2.23688e+09	2.239e+09	0	0
480	0	50	2.24222e+09	2.24227e+09	2.24257e+09	2.24393e+09	0	0
481	0	10	2.24581e+09	2.24585e+09	2.24615e+09	2.24732e+09	1	0
482	0	50	2.24899e+09	2.24903e+09	2.24933e+09	2.24959e+09	0	0
483	1	50	2.25467e+09	2.25471e+09	2.25501e+09	2.25508e+09	0	0
484	1	50	2.25705e+09	2.25709e+09	2.25739e+09	2.25836e+09	0	0
485	1	50	2.27087e+09	2.27091e+09	2.27121e+09	2.27305e+09	0	0
486	0	50	2.27492e+09	2.27496e+09	2.27526e+09	2.27684e+09	0	0
487	0	50	2.27863e+09	2.27867e+09	2.27897e+09	2.28044e+09	0	0
488	0	50	2.28229e+09	2.28233e+09	2.28263e+09	2.28285e+09	0	0
489	0	50	2.28464e+09	2.28468e+09	2.28498e+09	2.286e+09	0	0
490	0	50	2.28782e+09	2.28786e+09	2.28816e+09	2.28938e+09	0	0
491	0	50	2.29254e+09	2.29259e+09	2.29289e+09	2.29289e+09	0	0
492	0	50	2.29469e+09	2.29473e+09	2.29503e+09	2.29504e+09	0	0
493	0	10	2.29672e+09	2.29676e+09	2.29706e+09	2.29733e+09	1	0
494	0	10	2.29898e+09	2.29902e+09	2.29932e+09	2.29933e+09	1	0
495	0	50	2.30691e+09	2.30695e+09	2.30725e+09	2.30745e+09	0	0
496	1	50	2.31188e+09	2.31192e+09	2.31222e+09	2.31357e+09	0	0
497	1	50	2.3155e+09	2.31554e+09	2.31584e+09	2.31589e+09	0	0
498	1	50	2.31786e+09	2.31789e+09	2.31819e+09	2.31837e+09	0	0
499	0	50	2.32104e+09	2.32108e+09	2.32138e+09	2.32406e+09	0	0
500	0	10	2.32638e+09	2.32642e+09	2.32672e+09	2.32678e+09	1	0
501	0	10	2.32842e+09	2.32845e+09	2.32876e+09	2.32898e+09	0	1
502	1	10	2.33358e+09	2.33362e+09	2.33392e+09	2.33393e+09	1	0
503	0	10	2.33714e+09	2.33719e+09	2.33749e+09	2.33752e+09	1	0
504	0	50	2.33946e+09	2.3395e+09	2.3398e+09	2.33981e+09	0	0
505	1	50	2.34339e+09	2.34344e+09	2.34374e+09	2.34374e+09	0	0
506	1	50	2.34566e+09	2.3457e+09	2.346e+09	2.34601e+09	0	0
507	1	50	2.34942e+09	2.34947e+09	2.34977e+09	2.34977e+09	0	0
508	0	10	2.35156e+09	2.3516e+09	2.3519e+09	2.35231e+09	1	0
509	0	50	2.354e+09	2.35403e+09	2.35433e+09	2.35438e+09	1	1
510	0	50	2.35621e+09	2.35624e+09	2.35654e+09	2.35658e+09	0	0
511	1	50	2.36038e+09	2.36041e+09	2.36071e+09	2.36079e+09	0	0
512	1	50	2.36372e+09	2.36375e+09	2.36405e+09	2.36469e+09	0	0
513	1	50	2.36672e+09	2.36677e+09	2.36707e+09	2.36819e+09	0	0
514	0	10	2.37022e+09	2.37026e+09	2.37056e+09	2.37057e+09	1	0
515	0	10	2.37225e+09	2.37229e+09	2.37259e+09	2.37261e+09	1	0
516	0	10	2.3789e+09	2.37894e+09	2.37924e+09	2.37956e+09	0	1
517	1	10	2.38485e+09	2.38489e+09	2.38519e+09	2.38532e+09	1	0
518	0	50	2.38719e+09	2.38722e+09	2.38752e+09	2.38801e+09	0	0
519	1	50	2.39069e+09	2.39074e+09	2.39104e+09	2.39121e+09	1	1
520	0	50	2.39707e+09	2.39711e+09	2.39741e+09	2.39743e+09	0	0
521	1	50	2.40064e+09	2.40067e+09	2.40097e+09	2.40195e+09	0	0
522	1	50	2.40396e+09	2.404e+09	2.4043e+09	2.40434e+09	0	0
523	1	50	2.4129e+09	2.41294e+09	2.41324e+09	2.41474e+09	0	0
524	0	50	2.41749e+09	2.41754e+09	2.41784e+09	2.41871e+09	0	0
525	0	10	2.42076e+09	2.4208e+09	2.4211e+09	2.42129e+09	1	0
526	0	10	2.4307e+09	2.43073e+09	2.43103e+09	2.43107e+09	1	0
527	0	50	2.43271e+09	2.43275e+09	2.43305e+09	2.43315e+09	0	0
528	1	50	2.43984e+09	2.43988e+09	2.44018e+09	2.44022e+09	0	0
529	1	50	2.44218e+09	2.44223e+09	2.44253e+09	2.44254e+09	0	0
530	1	50	2.44448e+09	2.44452e+09	2.44482e+09	2.44578e+09	0	0
531	0	10	2.44796e+09	2.44799e+09	2.44829e+09	2.44852e+09	1	0
532	0	50	2.45043e+09	2.45047e+09	2.45077e+09	2.45082e+09	0	0
533	1	50	2.45898e+09	2.45901e+09	2.45931e+09	2.46098e+09	0	0
534	1	50	2.46284e+09	2.46288e+09	2.46318e+09	2.46335e+09	0	0
535	1	50	2.46546e+09	2.4655e+09	2.4658e+09	2.46591e+09	0	0
536	0	10	2.4678e+09	2.46784e+09	2.46814e+09	2.46818e+09	1	0
537	0	50	2.47032e+09	2.47036e+09	2.47066e+09	2.47067e+09	0	0
538	1	50	2.47996e+09	2.48e+09	2.4803e+09	2.48097e+09	0	0
539	1	50	2.48408e+09	2.48411e+09	2.48441e+09	2.48448e+09	0	0
540	1	50	2.48623e+09	2.48627e+09	2.48657e+09	2.48803e+09	0	0
541	0	10	2.49016e+09	2.4902e+09	2.4905e+09	2.49058e+09	1	0
542	0	50	2.49703e+09	2.49707e+09	2.49737e+09	2.49745e+09	0	0
543	1	50	2.49917e+09	2.4992e+09	2.4995e+09	2.49952e+09	0	0
544	1	50	2.50252e+09	2.50256e+09	2.50286e+09	2.50291e+09	0	0
545	1	50	2.50596e+09	2.50601e+09	2.50631e+09	2.50631e+09	0	0
546	0	10	2.50843e+09	2.50846e+09	2.50876e+09	2.50909e+09	1	0
547	0	10	2.51382e+09	2.51386e+09	2.51416e+09	2.51425e+09	1	0
548	0	50	2.51783e+09	2.51787e+09	2.51817e+09	2.51818e+09	0	0
549	1	50	2.52017e+09	2.52022e+09	2.52052e+09	2.52053e+09	0	0
550	1	50	2.52256e+09	2.5226e+09	2.5229e+09	2.52568e+09	0	0
551	1	50	2.52778e+09	2.52781e+09	2.52811e+09	2.53029e+09	0	0
552	0	50	2.53625e+09	2.53629e+09	2.53659e+09	2.53662e+09	0	0
553	0	50	2.53849e+09	2.53853e+09	2.53883e+09	2.53899e+09	1	1
554	0	10	2.54541e+09	2.54544e+09	2.54574e+09	2.54576e+09	1	0
555	0	10	2.55936e+09	2.55941e+09	2.55971e+09	2.5598e+09	1	0
556	0	50	2.56204e+09	2.56208e+09	2.56238e+09	2.56248e+09	0	0
557	1	50	2.56502e+09	2.56506e+09	2.56536e+09	2.56537e+09	0	0
558	1	50	2.56837e+09	2.56841e+09	2.56871e+09	2.56952e+09	0	0
559	1	50	2.57249e+09	2.57253e+09	2.57283e+09	2.574e+09	0	0
560	0	10	2.58073e+09	2.58077e+09	2.58107e+09	2.58107e+09	1	0
561	0	50	2.58447e+09	2.58451e+09	2.58481e+09	2.58482e+09	1	1
562	0	10	2.58761e+09	2.58765e+09	2.58795e+09	2.58797e+09	1	0
563	0	50	2.5956e+09	2.59563e+09	2.59593e+09	2.59601e+09	0	0
564	1	50	2.59811e+09	2.59815e+09	2.59845e+09	2.59882e+09	0	0
565	1	50	2.60137e+09	2.60141e+09	2.60171e+09	2.60378e+09	0	0
566	1	50	2.60588e+09	2.60592e+09	2.60622e+09	2.60737e+09	0	0
567	0	10	2.6091e+09	2.60913e+09	2.60943e+09	2.6129e+09	1	0
568	0	50	2.61928e+09	2.61931e+09	2.61961e+09	2.61968e+09	0	0
569	1	50	2.62163e+09	2.62166e+09	2.62196e+09	2.622e+09	0	0
570	1	50	2.62417e+09	2.62421e+09	2.62451e+09	2.62455e+09	0	0
571	1	50	2.62629e+09	2.62633e+09	2.62663e+09	2.6267e+09	0	0
572	0	50	2.62879e+09	2.62884e+09	2.62914e+09	2.63082e+09	0	0
573	0	10	2.63283e+09	2.63287e+09	2.63317e+09	2.63325e+09	1	0
574	0	10	2.64297e+09	2.64301e+09	2.64331e+09	2.64336e+09	1	0
575	0	10	2.65002e+09	2.65005e+09	2.65035e+09	2.65048e+09	1	0
576	0	50	2.65233e+09	2.65237e+09	2.65267e+09	2.65273e+09	0	0
577	1	50	2.65772e+09	2.65776e+09	2.65806e+09	2.65927e+09	0	0
578	1	50	2.66228e+09	2.66232e+09	2.66262e+09	2.66266e+09	0	0
579	1	50	2.66465e+09	2.66469e+09	2.66499e+09	2.66501e+09	0	0
580	0	50	2.66887e+09	2.66891e+09	2.66921e+09	2.6707e+09	0	0
581	0	10	2.67285e+09	2.67288e+09	2.67318e+09	2.67346e+09	1	0
582	0	10	2.67514e+09	2.67518e+09	2.67548e+09	2.67557e+09	1	0
583	0	10	2.68116e+09	2.6812e+09	2.6815e+09	2.68173e+09	0	1
584	1	10	2.68485e+09	2.68489e+09	2.68519e+09	2.68527e+09	1	0
585	0	50	2.69386e+09	2.6939e+09	2.6942e+09	2.69423e+09	0	0
586	1	50	2.69611e+09	2.69615e+09	2.69645e+09	2.69647e+09	0	0
587	1	50	2.69826e+09	2.69829e+09	2.69859e+09	2.69867e+09	0	0
588	1	50	2.70043e+09	2.70046e+09	2.70077e+09	2.70086e+09	0	0
589	0	10	2.70312e+09	2.70316e+09	2.70346e+09	2.70354e+09	1	0
590	0	50	2.70546e+09	2.7055e+09	2.7058e+09	2.70586e+09	0	0
591	1	50	2.70931e+09	2.70934e+09	2.70964e+09	2.7097e+09	0	0
592	1	50	2.7115e+09	2.71153e+09	2.71183e+09	2.71184e+09	0	0
593	1	50	2.7136e+09	2.71363e+09	2.71393e+09	2.71394e+09	0	0
594	0	50	2.71577e+09	2.7158e+09	2.7161e+09	2.71611e+09	0	0
595	0	10	2.72001e+09	2.72006e+09	2.72036e+09	2.72161e+09	1	0
596	0	10	2.72349e+09	2.72352e+09	2.72382e+09	2.72387e+09	1	0
597	0	50	2.73047e+09	2.7305e+09	2.7308e+09	2.73142e+09	0	0
598	1	50	2.73324e+09	2.73328e+09	2.73358e+09	2.7336e+09	0	0
599	1	50	2.73549e+09	2.73553e+09	2.73583e+09	2.73717e+09	0	0
600	1	50	2.73924e+09	2.73928e+09	2.73958e+09	2.74083e+09	0	0
601	0	10	2.74353e+09	2.74357e+09	2.74387e+09	2.74427e+09	1	0
602	0	10	2.74795e+09	2.74799e+09	2.74829e+09	2.74967e+09	1	0
603	0	10	2.7516e+09	2.75164e+09	2.75194e+09	2.75402e+09	1	0
604	0	50	2.75958e+09	2.75962e+09	2.75992e+09	2.75996e+09	0	0
605	1	50	2.76177e+09	2.76181e+09	2.76211e+09	2.76328e+09	0	0
606	1	50	2.76524e+09	2.76528e+09	2.76558e+09	2.76814e+09	0	0
607	1	50	2.77021e+09	2.77025e+09	2.77055e+09	2.77055e+09	1	1
608	0	50	2.78172e+09	2.78176e+09	2.78206e+09	2.78274e+09	0	0
609	1	50	2.78505e+09	2.7851e+09	2.7854e+09	2.78541e+09	0	0
610	1	50	2.78741e+09	2.78745e+09	2.78776e+09	2.78777e+09	0	0
611	1	50	2.78968e+09	2.78972e+09	2.79003e+09	2.79009e+09	0	0
612	0	10	2.79385e+09	2.7939e+09	2.7942e+09	2.79433e+09	1	0
613	0	50	2.7964e+09	2.79645e+09	2.79675e+09	2.79678e+09	0	0
614	1	50	2.80008e+09	2.80013e+09	2.80043e+09	2.80051e+09	0	0
615	1	50	2.80246e+09	2.8025e+09	2.8028e+09	2.80282e+09	0	0
616	1	50	2.80536e+09	2.8054e+09	2.8057e+09	2.80705e+09	0	0
617	0	50	2.80889e+09	2.80892e+09	2.80922e+09	2.80923e+09	0	0
618	0	10	2.81088e+09	2.81093e+09	2.81123e+09	2.8139e+09	1	0
619	0	10	2.82035e+09	2.82039e+09	2.82069e+09	2.82108e+09	0	1
620	1	10	2.8228e+09	2.82285e+09	2.82315e+09	2.8232e+09	1	0
621	0	10	2.82485e+09	2.8249e+09	2.8252e+09	2.82528e+09	0	1
622	1	10	2.82989e+09	2.82994e+09	2.83024e+09	2.83035e+09	1	0
623	0	50	2.83199e+09	2.83203e+09	2.83233e+09	2.83244e+09	1	1
624	0	10	2.83783e+09	2.83788e+09	2.83818e+09	2.83821e+09	1	0
625	0	50	2.84003e+09	2.84007e+09	2.84037e+09	2.8404e+09	0	0
626	1	50	2.84336e+09	2.8434e+09	2.8437e+09	2.84372e+09	0	0
627	1	50	2.84964e+09	2.84967e+09	2.84997e+09	2.84998e+09	0	0
628	1	50	2.85251e+09	2.85256e+09	2.85286e+09	2.85406e+09	0	0
629	0	50	2.86559e+09	2.86564e+09	2.86594e+09	2.86754e+09	0	0
630	0	50	2.86915e+09	2.8692e+09	2.8695e+09	2.87101e+09	1	1
631	0	10	2.87388e+09	2.87392e+09	2.87422e+09	2.87427e+09	1	0
632	0	10	2.8803e+09	2.88035e+09	2.88065e+09	2.88067e+09	1	0
633	0	10	2.88233e+09	2.88236e+09	2.88266e+09	2.88277e+09	1	0
634	0	10	2.88442e+09	2.88447e+09	2.88477e+09	2.8849e+09	1	0
635	0	50	2.8906e+09	2.89064e+09	2.89094e+09	2.89106e+09	0	0
636	1	50	2.89289e+09	2.89293e+09	2.89323e+09	2.89349e+09	0	0
637	1	50	2.89532e+09	2.89536e+09	2.89566e+09	2.89566e+09	0	0
638	1	50	2.8974e+09	2.89744e+09	2.89774e+09	2.89867e+09	0	0
639	0	10	2.90068e+09	2.90071e+09	2.90101e+09	2.90102e+09	1	0
640	0	10	2.90851e+09	2.90855e+09	2.90885e+09	2.90886e+09	1	0
641	0	10	2.91077e+09	2.91082e+09	2.91112e+09	2.91147e+09	0	1
642	1	10	2.91505e+09	2.91509e+09	2.91539e+09	2.91539e+09	1	0
643	0	10	2.9213e+09	2.92134e+09	2.92164e+09	2.9217e+09	1	0
644	0	10	2.92334e+09	2.92338e+09	2.92368e+09	2.92368e+09	1	0
645	0	10	2.92724e+09	2.92728e+09	2.92758e+09	2.92759e+09	1	0
646	0	10	2.93503e+09	2.93506e+09	2.93536e+09	2.93537e+09	1	0
647	0	50	2.93921e+09	2.93925e+09	2.93955e+09	2.93958e+09	0	0
648	1	50	2.94129e+09	2.94133e+09	2.94163e+09	2.94183e+09	1	1
649	0	10	2.9446e+09	2.94465e+09	2.94495e+09	2.94497e+09	1	0
650	0	50	2.94688e+09	2.94692e+09	2.94722e+09	2.9476e+09	0	0
651	1	50	2.95422e+09	2.95426e+09	2.95456e+09	2.95559e+09	0	0
652	1	50	2.95811e+09	2.95816e+09	2.95846e+09	2.95848e+09	0	0
653	1	50	2.96037e+09	2.96041e+09	2.96071e+09	2.96275e+09	0	0
654	0	50	2.96461e+09	2.96466e+09	2.96496e+09	2.96506e+09	0	0
655	0	10	2.96672e+09	2.96676e+09	2.96706e+09	2.96722e+09	1	0
656	0	50	2.9692e+09	2.96925e+09	2.96955e+09	2.96957e+09	0	0
657	1	50	2.97133e+09	2.97137e+09	2.97167e+09	2.97168e+09	0	0
658	1	50	2.97354e+09	2.97358e+09	2.97388e+09	2.97521e+09	0	0
659	1	50	2.97712e+09	2.97716e+09	2.97746e+09	2.97758e+09	0	0
660	0	50	2.98292e+09	2.98296e+09	2.98326e+09	2.98327e+09	0	0
661	0	50	2.98548e+09	2.98551e+09	2.98581e+09	2.98787e+09	0	0
662	0	10	2.98993e+09	2.98997e+09	2.99027e+09	2.99029e+09	1	0
663	0	10	2.99667e+09	2.99671e+09	2.99701e+09	2.99702e+09	1	0
664	0	50	2.99868e+09	2.99872e+09	2.99902e+09	2.99903e+09	0	0
665	1	50	3.0026e+09	3.00263e+09	3.00293e+09	3.00402e+09	0	0
666	1	50	3.00593e+09	3.00597e+09	3.00627e+09	3.00631e+09	1	1
667	0	10	3.01041e+09	3.01045e+09	3.01075e+09	3.01076e+09	1	0
668	0	50	3.01656e+09	3.01659e+09	3.01689e+09	3.01691e+09	0	0
669	1	50	3.01919e+09	3.01923e+09	3.01953e+09	3.02129e+09	0	0
670	1	50	3.02312e+09	3.02317e+09	3.02347e+09	3.02524e+09	0	0
671	1	50	3.0273e+09	3.02734e+09	3.02764e+09	3.0293e+09	0	0
672	0	10	3.03108e+09	3.03112e+09	3.03142e+09	3.03181e+09	0	1
673	0	10	3.03509e+09	3.03513e+09	3.03543e+09	3.03546e+09	1	0
674	0	50	3.03749e+09	3.03753e+09	3.03784e+09	3.039e+09	1	1
675	0	50	3.04351e+09	3.04355e+09	3.04385e+09	3.05118e+09	0	0
676	1	50	3.05894e+09	3.05898e+09	3.05928e+09	3.06418e+09	0	0
677	1	50	3.06587e+09	3.06591e+09	3.06621e+09	3.06758e+09	0	0
678	1	50	3.06923e+09	3.06927e+09	3.06957e+09	3.07023e+09	1	1
679	0	50	3.07188e+09	3.07192e+09	3.07222e+09	3.0737e+09	0	0
680	1	50	3.07799e+09	3.07803e+09	3.07833e+09	3.08543e+09	1	1
681	0	50	3.08874e+09	3.08878e+09	3.08908e+09	3.09426e+09	0	0
682	1	50	3.0981e+09	3.09815e+09	3.09845e+09	3.10369e+09	0	0
683	1	50	3.10795e+09	3.10799e+09	3.10829e+09	3.11255e+09	0	0
684	1	50	3.11529e+09	3.11533e+09	3.11563e+09	3.12062e+09	0	0
685	0	50	3.12801e+09	3.12805e+09	3.12835e+09	3.19786e+09	1	1
686	0	10	3.19978e+09	3.19983e+09	3.20013e+09	3.20053e+09	0	1
687	1	10	3.20245e+09	3.20249e+09	3.20279e+09	3.2059e+09	1	0
688	0	10	3.21506e+09	3.2151e+09	3.2154e+09	3.21628e+09	1	0
689	0	50	3.21822e+09	3.21826e+09	3.21856e+09	3.22055e+09	0	0
690	1	50	3.22243e+09	3.22246e+09	3.22276e+09	3.22536e+09	0	0
691	1	50	3.22788e+09	3.22792e+09	3.22822e+09	3.22969e+09	0	0
692	1	50	3.23146e+09	3.2315e+09	3.2318e+09	3.23367e+09	0	0
693	0	10	3.2356e+09	3.23564e+09	3.23594e+09	3.23755e+09	0	1
694	0	10	3.24319e+09	3.24323e+09	3.24353e+09	3.24947e+09	1	0
695	0	10	3.25161e+09	3.25165e+09	3.25195e+09	3.25454e+09	1	0
696	0	50	3.25648e+09	3.25652e+09	3.25682e+09	3.25713e+09	1	1
697	0	10	3.26187e+09	3.26191e+09	3.26221e+09	3.26422e+09	1	0
698	0	10	3.26589e+09	3.26593e+09	3.26623e+09	3.26833e+09	1	0
699	0	50	3.27155e+09	3.27159e+09	3.27189e+09	3.273e+09	0	0
700	1	50	3.27492e+09	3.27497e+09	3.27527e+09	3.27683e+09	0	0
701	1	50	3.27863e+09	3.27867e+09	3.27897e+09	3.28091e+09	0	0
702	1	50	3.28282e+09	3.28286e+09	3.28316e+09	3.28606e+09	0	0
703	0	50	3.2882e+09	3.28823e+09	3.28853e+09	3.29035e+09	0	0
704	0	10	3.29199e+09	3.29204e+09	3.29234e+09	3.29236e+09	1	0
705	0	10	3.29404e+09	3.29408e+09	3.29438e+09	3.29444e+09	0	1
706	1	10	3.30054e+09	3.30059e+09	3.30089e+09	3.30627e+09	1	0
707	0	50	3.30823e+09	3.30826e+09	3.30856e+09	3.31098e+09	1	1
708	0	50	3.31436e+09	3.31441e+09	3.31471e+09	3.32082e+09	0	0
709	1	50	3.32246e+09	3.3225e+09	3.3228e+09	3.34111e+09	0	0
710	1	50	3.34337e+09	3.34341e+09	3.34371e+09	3.36604e+09	0	0
711	1	50	3.36848e+09	3.36851e+09	3.36881e+09	3.38903e+09	1	1
712	0	50	3.39119e+09	3.39123e+09	3.39153e+09	3.39434e+09	1	1
713	0	10	3.39633e+09	3.39636e+09	3.39666e+09	3.39721e+09	1	0
714	0	10	3.39954e+09	3.39958e+09	3.39988e+09	3.40001e+09	1	0
715	0	50	3.40467e+09	3.4047e+09	3.405e+09	3.40507e+09	0	0
716	1	50	3.4069e+09	3.40693e+09	3.40723e+09	3.40729e+09	0	0
717	1	50	3.40996e+09	3.40999e+09	3.41029e+09	3.41169e+09	0	0
718	1	50	3.41348e+09	3.41351e+09	3.41382e+09	3.41639e+09	0	0
719	0	10	3.41828e+09	3.41831e+09	3.41861e+09	3.41862e+09	1	0
720	0	10	3.42058e+09	3.42062e+09	3.42092e+09	3.42095e+09	1	0
721	0	10	3.42284e+09	3.42288e+09	3.42318e+09	3.42322e+09	0	1
722	1	10	3.42631e+09	3.42635e+09	3.42665e+09	3.42789e+09	1	0
723	0	10	3.4299e+09	3.42995e+09	3.43025e+09	3.43031e+09	0	1
724	1	10	3.43486e+09	3.4349e+09	3.4352e+09	3.43709e+09	1	0
725	0	10	3.43896e+09	3.439e+09	3.4393e+09	3.4393e+09	1	0
726	0	50	3.44118e+09	3.44123e+09	3.44153e+09	3.44163e+09	0	0
727	1	50	3.44506e+09	3.4451e+09	3.4454e+09	3.44587e+09	1	1
728	0	10	3.44987e+09	3.44991e+09	3.45021e+09	3.4521e+09	1	0
729	0	50	3.45376e+09	3.4538e+09	3.4541e+09	3.45427e+09	0	0
730	1	50	3.46238e+09	3.46241e+09	3.46271e+09	3.47358e+09	0	0
731	1	50	3.47522e+09	3.47526e+09	3.47556e+09	3.47808e+09	0	0
732	1	50	3.48137e+09	3.48141e+09	3.48171e+09	3.48763e+09	0	0
733	0	10	3.49014e+09	3.49018e+09	3.49048e+09	3.49526e+09	1	0
734	0	50	3.49778e+09	3.49782e+09	3.49812e+09	3.50136e+09	1	1
735	0	10	3.50426e+09	3.5043e+09	3.5046e+09	3.50598e+09	1	0
736	0	50	3.50764e+09	3.50769e+09	3.50799e+09	3.51095e+09	0	0
737	1	50	3.5135e+09	3.51354e+09	3.51384e+09	3.51555e+09	0	0
738	1	50	3.51719e+09	3.51722e+09	3.51752e+09	3.51753e+09	0	0
739	1	50	3.51918e+09	3.51923e+09	3.51953e+09	3.52215e+09	0	0
740	0	50	3.52377e+09	3.52382e+09	3.52412e+09	3.52564e+09	0	0
741	0	50	3.52726e+09	3.52731e+09	3.52761e+09	3.52927e+09	0	0
742	0	10	3.5325e+09	3.53253e+09	3.53283e+09	3.53459e+09	1	0
743	0	10	3.5375e+09	3.53753e+09	3.53783e+09	3.5379e+09	0	1
744	1	10	3.54325e+09	3.54329e+09	3.54359e+09	3.54961e+09	1	0
745	0	10	3.55149e+09	3.55153e+09	3.55183e+09	3.5608e+09	0	1
746	1	10	3.56271e+09	3.56275e+09	3.56305e+09	3.56337e+09	1	0
747	0	10	3.56503e+09	3.56506e+09	3.56536e+09	3.56786e+09	0	1
748	1	10	3.57116e+09	3.57119e+09	3.57149e+09	3.57386e+09	1	0
749	0	10	3.57573e+09	3.57577e+09	3.57607e+09	3.58056e+09	1	0
750	0	50	3.58224e+09	3.58228e+09	3.58258e+09	3.58331e+09	0	0
751	1	50	3.5874e+09	3.58743e+09	3.58773e+09	3.58886e+09	0	0
752	1	50	3.59063e+09	3.59067e+09	3.59097e+09	3.59245e+09	0	0
753	1	50	3.59408e+09	3.59413e+09	3.59443e+09	3.59913e+09	0	0
754	0	10	3.60075e+09	3.60079e+09	3.60109e+09	3.60476e+09	1	0
755	0	10	3.60643e+09	3.60646e+09	3.60676e+09	3.60681e+09	0	1
756	1	10	3.60854e+09	3.60857e+09	3.60887e+09	3.61385e+09	1	0
757	0	50	3.61709e+09	3.61713e+09	3.61743e+09	3.61837e+09	0	0
758	1	50	3.62546e+09	3.6255e+09	3.6258e+09	3.63868e+09	1	1
759	0	10	3.64207e+09	3.6421e+09	3.6424e+09	3.64915e+09	1	0
760	0	10	3.65088e+09	3.65092e+09	3.65122e+09	3.65124e+09	0	1
761	1	10	3.65292e+09	3.65296e+09	3.65326e+09	3.65384e+09	1	0
762	0	10	3.6555e+09	3.65554e+09	3.65584e+09	3.65793e+09	1	0
763	0	50	3.6596e+09	3.65963e+09	3.65993e+09	3.66057e+09	0	0
764	1	50	3.66246e+09	3.66251e+09	3.66281e+09	3.66347e+09	1	1
765	0	50	3.66524e+09	3.66529e+09	3.66559e+09	3.66938e+09	0	0
766	1	50	3.67243e+09	3.67247e+09	3.67277e+09	3.67416e+09	0	0
767	1	50	3.67579e+09	3.67583e+09	3.67613e+09	3.6781e+09	0	0
768	1	50	3.67974e+09	3.67978e+09	3.68008e+09	3.68028e+09	1	1
769	0	50	3.68367e+09	3.68371e+09	3.68401e+09	3.69043e+09	1	1
770	0	10	3.69901e+09	3.69905e+09	3.69935e+09	3.70099e+09	1	0
771	0	50	3.71008e+09	3.71011e+09	3.71041e+09	3.71393e+09	0	0
772	1	50	3.71596e+09	3.71599e+09	3.71629e+09	3.71959e+09	0	0
773	1	50	3.72156e+09	3.72159e+09	3.72189e+09	3.724e+09	0	0
774	1	50	3.72564e+09	3.72567e+09	3.72597e+09	3.72797e+09	1	1
775	0	10	3.73033e+09	3.73036e+09	3.73066e+09	3.73067e+09	1	0
776	0	50	3.73263e+09	3.73267e+09	3.73297e+09	3.7347e+09	0	0
777	1	50	3.73663e+09	3.73667e+09	3.73697e+09	3.73905e+09	0	0
778	1	50	3.74069e+09	3.74074e+09	3.74104e+09	3.74264e+09	0	0
779	1	50	3.74429e+09	3.74432e+09	3.74462e+09	3.74668e+09	0	0
780	0	10	3.74857e+09	3.74861e+09	3.74891e+09	3.76017e+09	0	1
781	0	50	3.76274e+09	3.76278e+09	3.76308e+09	3.76538e+09	0	0
782	0	50	3.76766e+09	3.7677e+09	3.768e+09	3.77151e+09	0	0
783	0	10	3.77315e+09	3.77318e+09	3.77348e+09	3.77808e+09	1	0
784	0	50	3.78252e+09	3.78256e+09	3.78286e+09	3.78298e+09	0	0
785	1	50	3.78529e+09	3.78534e+09	3.78564e+09	3.78703e+09	0	0
786	1	50	3.78867e+09	3.78871e+09	3.78901e+09	3.82141e+09	1	1
787	0	50	3.8263e+09	3.82634e+09	3.82664e+09	3.8289e+09	0	0
788	1	50	3.83055e+09	3.83058e+09	3.83088e+09	3.83191e+09	1	1
789	0	10	3.83374e+09	3.83377e+09	3.83407e+09	3.83454e+09	1	0
790	0	10	3.83621e+09	3.83624e+09	3.83654e+09	3.83904e+09	0	1
791	1	10	3.84355e+09	3.84359e+09	3.84389e+09	3.85378e+09	1	0
792	0	50	3.8573e+09	3.85734e+09	3.85764e+09	3.86198e+09	0	0
793	1	50	3.86508e+09	3.86512e+09	3.86542e+09	3.88681e+09	1	1
794	0	10	3.88847e+09	3.88851e+09	3.88881e+09	3.90037e+09	0	1
795	1	10	3.90517e+09	3.9052e+09	3.9055e+09	3.9079e+09	1	0
796	0	50	3.90961e+09	3.90966e+09	3.90996e+09	3.91159e+09	0	0
797	1	50	3.91323e+09	3.91327e+09	3.91357e+09	3.94265e+09	1	1
798	0	10	3.9502e+09	3.95024e+09	3.95054e+09	3.97208e+09	0	1