
001	0	10	3.44577e+06	3.49146e+06	3.79302e+06	3.79775e+06	1	0
002	0	50	1.3867e+07	1.39091e+07	1.42093e+07	1.44671e+07	0	0
003	1	50	2.0992e+07	2.10308e+07	2.1331e+07	2.13957e+07	0	0
004	1	50	2.9523e+07	2.95576e+07	2.98578e+07	2.99872e+07	0	0
005	1	50	3.65056e+07	3.65431e+07	3.68434e+07	3.69571e+07	0	0
006	0	10	4.34709e+07	4.35114e+07	4.38116e+07	4.40366e+07	1	0
007	0	10	4.8254e+07	4.83045e+07	4.86048e+07	4.86504e+07	1	0
008	0	10	5.04474e+07	5.04836e+07	5.07838e+07	5.08012e+07	1	0
009	0	50	5.56339e+07	5.56717e+07	5.5972e+07	5.59791e+07	0	0
010	1	50	6.25019e+07	6.25425e+07	6.28428e+07	6.72566e+07	1	1
011	0	50	7.46087e+07	7.46482e+07	7.49484e+07	7.50664e+07	0	0
012	1	50	8.25324e+07	8.25825e+07	8.28827e+07	9.4028e+07	1	1
013	0	50	9.74582e+07	9.7501e+07	9.78013e+07	9.79445e+07	0	0
014	1	50	1.05483e+08	1.05522e+08	1.05822e+08	1.05973e+08	0	0
015	1	50	1.14259e+08	1.14294e+08	1.14595e+08	1.14668e+08	1	1
016	0	10	1.187e+08	1.18741e+08	1.19041e+08	1.19164e+08	1	0
017	0	10	1.20922e+08	1.20958e+08	1.21259e+08	1.21365e+08	1	0
018	0	10	1.22937e+08	1.22975e+08	1.23275e+08	1.23296e+08	1	0
019	0	50	1.28119e+08	1.28165e+08	1.28466e+08	1.28556e+08	1	1
020	0	50	1.33114e+08	1.33148e+08	1.33448e+08	1.33505e+08	1	1
021	0	50	1.35124e+08	1.35168e+08	1.35469e+08	1.35486e+08	0	0
022	1	50	1.42246e+08	1.42286e+08	1.42586e+08	1.42676e+08	0	0
023	1	50	1.50257e+08	1.50288e+08	1.50589e+08	1.50691e+08	1	1
024	0	50	1.59624e+08	1.59665e+08	1.59966e+08	1.60236e+08	0	0
025	1	50	1.74244e+08	1.74294e+08	1.74595e+08	1.7463e+08	0	0
026	1	50	1.81151e+08	1.8119e+08	1.81491e+08	1.8159e+08	0	0
027	1	50	1.88795e+08	1.88829e+08	1.89129e+08	1.89238e+08	1	1
028	0	50	1.90919e+08	1.9096e+08	1.9126e+08	1.91268e+08	1	1
029	0	50	1.9462e+08	1.94659e+08	1.94959e+08	1.95035e+08	0	0
030	1	50	2.02672e+08	2.02708e+08	2.03008e+08	2.03044e+08	1	1
031	0	50	2.04761e+08	2.04809e+08	2.0511e+08	2.0517e+08	1	1
032	0	50	2.07796e+08	2.07841e+08	2.08141e+08	2.08249e+08	0	0
033	1	50	2.14771e+08	2.14808e+08	2.15108e+08	2.15209e+08	0	0
034	1	50	2.21725e+08	2.21768e+08	2.22068e+08	2.22224e+08	0	0
035	1	50	2.28736e+08	2.28776e+08	2.29077e+08	2.84345e+08	0	0
036	0	50	2.90927e+08	2.90965e+08	2.91265e+08	2.91543e+08	0	0
037	0	50	2.98072e+08	2.98117e+08	2.98417e+08	2.98587e+08	0	0
038	0	50	3.05104e+08	3.05144e+08	3.05444e+08	3.05505e+08	0	0
039	0	10	3.12022e+08	3.12063e+08	3.12363e+08	3.12654e+08	1	0
040	0	50	3.16789e+08	3.16823e+08	3.17123e+08	3.17343e+08	0	0
041	1	50	3.24694e+08	3.24741e+08	3.25041e+08	3.25055e+08	0	0
042	1	50	3.31564e+08	3.31604e+08	3.31904e+08	3.3206e+08	0	0
043	1	50	3.38572e+08	3.38611e+08	3.38911e+08	3.42189e+08	0	0
044	0	50	3.51242e+08	3.51285e+08	3.51585e+08	3.5162e+08	0	0
045	0	10	3.58143e+08	3.58182e+08	3.58482e+08	3.58731e+08	1	0
046	0	50	3.62461e+08	3.62502e+08	3.62802e+08	3.76558e+08	0	0
047	1	50	3.85543e+08	3.85579e+08	3.85879e+08	3.85924e+08	0	0
048	1	50	3.92445e+08	3.92483e+08	3.92783e+08	3.92789e+08	0	0
049	1	50	3.9931e+08	3.99348e+08	3.99649e+08	5.65337e+08	0	0
050	0	10	5.71854e+08	5.71892e+08	5.72193e+08	5.76506e+08	0	1
051	0	10	5.85015e+08	5.8506e+08	5.8536e+08	5.86143e+08	1	0
052	0	50	6.10655e+08	6.10699e+08	6.11e+08	6.13423e+08	1	1
053	0	10	6.15159e+08	6.15194e+08	6.15494e+08	6.1551e+08	1	0
054	0	50	6.17138e+08	6.17175e+08	6.17475e+08	6.17521e+08	0	0
055	1	50	6.24388e+08	6.24437e+08	6.24737e+08	6.24785e+08	1	1
056	0	50	6.39284e+08	6.39322e+08	6.39622e+08	6.3963e+08	0	0
057	1	50	6.4631e+08	6.46352e+08	6.46652e+08	6.46765e+08	0	0
058	1	50	6.66957e+08	6.66991e+08	6.67291e+08	6.67416e+08	0	0
059	1	50	6.76067e+08	6.76115e+08	6.76416e+08	6.76536e+08	0	0
060	0	50	6.83068e+08	6.83113e+08	6.83413e+08	6.83576e+08	0	0
061	0	10	6.9094e+08	6.90973e+08	6.91273e+08	6.91283e+08	0	1
062	0	50	7.02808e+08	7.02839e+08	7.0314e+08	7.03161e+08	0	0
063	0	10	7.1307e+08	7.13108e+08	7.13408e+08	7.13746e+08	1	0
064	0	50	7.18916e+08	7.18962e+08	7.19262e+08	7.19473e+08	0	0
065	1	50	7.36891e+08	7.36933e+08	7.37234e+08	7.37513e+08	1	1
066	0	10	7.52158e+08	7.52196e+08	7.52496e+08	7.54218e+08	1	0
067	0	10	7.56724e+08	7.56769e+08	7.57069e+08	7.57079e+08	1	0
068	0	10	7.67482e+08	7.67522e+08	7.67822e+08	7.67944e+08	1	0
069	0	50	7.69604e+08	7.69646e+08	7.69946e+08	7.70156e+08	0	0
070	1	50	7.8595e+08	7.85996e+08	7.86297e+08	7.90191e+08	0	0
071	1	50	7.97534e+08	7.97567e+08	7.97867e+08	7.97873e+08	0	0
072	1	50	8.04393e+08	8.04432e+08	8.04733e+08	8.04741e+08	0	0
073	0	10	8.11259e+08	8.11298e+08	8.11598e+08	8.11608e+08	1	0
074	0	50	8.1756e+08	8.17599e+08	8.17899e+08	8.17904e+08	0	0
075	1	50	8.24456e+08	8.245e+08	8.24801e+08	8.24825e+08	0	0
076	1	50	8.31346e+08	8.31385e+08	8.31685e+08	8.31698e+08	0	0
077	1	50	8.38218e+08	8.38257e+08	8.38557e+08	8.40894e+08	0	0
078	0	10	8.47404e+08	8.47444e+08	8.47744e+08	8.47809e+08	1	0
079	0	50	8.53248e+08	8.53283e+08	8.53584e+08	8.53589e+08	0	0
080	1	50	8.63584e+08	8.63629e+08	8.63929e+08	8.64e+08	0	0
081	1	50	8.70513e+08	8.70552e+08	8.70852e+08	8.70954e+08	0	0
082	1	50	8.77483e+08	8.77529e+08	8.7783e+08	8.77836e+08	0	0
083	0	10	8.84354e+08	8.84395e+08	8.84695e+08	8.84701e+08	1	0
084	0	50	8.86533e+08	8.86574e+08	8.86874e+08	8.86954e+08	0	0
085	1	50	8.93638e+08	8.93673e+08	8.93973e+08	8.93983e+08	0	0
086	1	50	9.00498e+08	9.00537e+08	9.00837e+08	9.01408e+08	0	0
087	1	50	9.09341e+08	9.09384e+08	9.09684e+08	9.0986e+08	0	0
088	0	50	9.16391e+08	9.16435e+08	9.16735e+08	9.17021e+08	0	0
089	0	50	9.2354e+08	9.23579e+08	9.2388e+08	9.62999e+08	0	0
090	0	10	9.69515e+08	9.69553e+08	9.69853e+08	9.83992e+08	0	1
091	0	50	9.90536e+08	9.90571e+08	9.90871e+08	9.90949e+08	0	0
092	0	50	9.9986e+08	9.99909e+08	1.00021e+09	1.00027e+09	0	0
093	0	50	1.00679e+09	1.00683e+09	1.00713e+09	1.00714e+09	0	0
094	0	50	1.01366e+09	1.0137e+09	1.014e+09	1.014e+09	0	0
095	0	10	1.02153e+09	1.02157e+09	1.02187e+09	1.02225e+09	1	0
096	0	10	1.02384e+09	1.02388e+09	1.02418e+09	1.09513e+09	0	1
097	1	10	1.10375e+09	1.10379e+09	1.10409e+09	1.10443e+09	1	0
098	0	10	1.10898e+09	1.10902e+09	1.10932e+09	1.1094e+09	1	0
099	0	50	1.11713e+09	1.11717e+09	1.11747e+09	1.11759e+09	0	0
100	1	50	1.12411e+09	1.12415e+09	1.12445e+09	1.12454e+09	0	0
101	1	50	1.13146e+09	1.13149e+09	1.13179e+09	1.13182e+09	1	1
102	0	10	1.13574e+09	1.13577e+09	1.13607e+09	1.13611e+09	1	0
103	0	10	1.13859e+09	1.13863e+09	1.13893e+09	1.13909e+09	1	0
104	0	50	1.14904e+09	1.14909e+09	1.14939e+09	1.14939e+09	0	0
105	1	50	1.15591e+09	1.15595e+09	1.15625e+09	1.15627e+09	0	0
106	1	50	1.16279e+09	1.16283e+09	1.16313e+09	1.16322e+09	0	0
107	1	50	1.16973e+09	1.16977e+09	1.17007e+09	1.21411e+09	1	1
108	0	50	1.21685e+09	1.21689e+09	1.21719e+09	1.21743e+09	0	0
109	1	50	1.22503e+09	1.22507e+09	1.22537e+09	1.22551e+09	0	0
110	1	50	1.23203e+09	1.23207e+09	1.23237e+09	1.23247e+09	0	0
111	1	50	1.23898e+09	1.23902e+09	1.23932e+09	1.23955e+09	0	0
112	0	50	1.24766e+09	1.2477e+09	1.248e+09	1.24808e+09	0	0
113	0	10	1.25563e+09	1.25568e+09	1.25598e+09	1.25604e+09	1	0
114	0	10	1.26176e+09	1.26179e+09	1.26209e+09	1.26211e+09	1	0
115	0	10	1.27161e+09	1.27165e+09	1.27195e+09	1.27204e+09	1	0
116	0	10	1.28048e+09	1.28052e+09	1.28082e+09	1.28102e+09	1	0
117	0	10	1.29047e+09	1.29051e+09	1.29081e+09	1.29093e+09	1	0
118	0	50	1.29405e+09	1.29409e+09	1.29439e+09	1.29439e+09	0	0
119	1	50	1.30138e+09	1.30142e+09	1.30172e+09	1.30172e+09	0	0
120	1	50	1.31068e+09	1.31072e+09	1.31102e+09	1.31108e+09	0	0
121	1	50	1.31906e+09	1.31911e+09	1.31941e+09	1.31947e+09	0	0
122	0	10	1.32599e+09	1.32603e+09	1.32633e+09	1.32634e+09	1	0
123	0	10	1.334e+09	1.33404e+09	1.33434e+09	1.33435e+09	1	0
124	0	10	1.33597e+09	1.33601e+09	1.33631e+09	1.33631e+09	1	0
125	0	50	1.34079e+09	1.34084e+09	1.34114e+09	1.34121e+09	0	0
126	1	50	1.34905e+09	1.34908e+09	1.34938e+09	1.34942e+09	0	0
127	1	50	1.35594e+09	1.35598e+09	1.35628e+09	1.35633e+09	0	0
128	1	50	1.36285e+09	1.36289e+09	1.36319e+09	1.36337e+09	0	0
129	0	50	1.37122e+09	1.37127e+09	1.37157e+09	1.37178e+09	0	0
130	0	50	1.3783e+09	1.37834e+09	1.37864e+09	1.3787e+09	0	0
131	0	10	1.38535e+09	1.38539e+09	1.38569e+09	1.3858e+09	1	0
132	0	10	1.39221e+09	1.39225e+09	1.39255e+09	1.39256e+09	1	0
133	0	50	1.39865e+09	1.39869e+09	1.39899e+09	1.39901e+09	0	0
134	1	50	1.40552e+09	1.40556e+09	1.40586e+09	1.40587e+09	0	0
135	1	50	1.41398e+09	1.41402e+09	1.41432e+09	1.48872e+09	1	1
136	0	50	1.4914e+09	1.49144e+09	1.49174e+09	1.49203e+09	0	0
137	1	50	1.50075e+09	1.50079e+09	1.50109e+09	1.50109e+09	0	0
138	1	50	1.50793e+09	1.50797e+09	1.50827e+09	1.50828e+09	0	0
139	1	50	1.5148e+09	1.51484e+09	1.51514e+09	1.51518e+09	0	0
140	0	10	1.52939e+09	1.52943e+09	1.52973e+09	1.52975e+09	1	0
141	0	10	1.5396e+09	1.53964e+09	1.53994e+09	1.54005e+09	1	0
142	0	50	1.54641e+09	1.54645e+09	1.54675e+09	1.54685e+09	0	0
143	1	50	1.55439e+09	1.55443e+09	1.55473e+09	1.55477e+09	0	0
144	1	50	1.56129e+09	1.56133e+09	1.56163e+09	1.56172e+09	0	0
145	1	50	1.56824e+09	1.56827e+09	1.56858e+09	1.56866e+09	0	0
146	0	10	1.57618e+09	1.57622e+09	1.57652e+09	1.57657e+09	1	0
147	0	10	1.58532e+09	1.58537e+09	1.58567e+09	1.58567e+09	1	0
148	0	50	1.59223e+09	1.59227e+09	1.59257e+09	1.59257e+09	0	0
149	1	50	1.60028e+09	1.60031e+09	1.60061e+09	1.60063e+09	0	0
150	1	50	1.60715e+09	1.60719e+09	1.60749e+09	1.60752e+09	0	0
151	1	50	1.61405e+09	1.61409e+09	1.61439e+09	1.61452e+09	0	0
152	0	10	1.62104e+09	1.62108e+09	1.62138e+09	1.62145e+09	1	0
153	0	10	1.6277e+09	1.62773e+09	1.62803e+09	1.62805e+09	1	0
154	0	50	1.63434e+09	1.63439e+09	1.63469e+09	1.6347e+09	0	0
155	1	50	1.64271e+09	1.64274e+09	1.64304e+09	1.64313e+09	0	0
156	1	50	1.65072e+09	1.65077e+09	1.65107e+09	1.65118e+09	0	0
157	1	50	1.65873e+09	1.65877e+09	1.65907e+09	1.6607e+09	0	0
158	0	10	1.66777e+09	1.66781e+09	1.66811e+09	1.66816e+09	1	0
159	0	10	1.67138e+09	1.67142e+09	1.67172e+09	1.67173e+09	1	0
160	0	10	1.67666e+09	1.6767e+09	1.677e+09	1.67706e+09	1	0
161	0	50	1.6862e+09	1.68625e+09	1.68655e+09	1.68656e+09	0	0
162	1	50	1.69945e+09	1.69949e+09	1.69979e+09	1.6998e+09	0	0
163	1	50	1.71062e+09	1.71066e+09	1.71096e+09	1.71097e+09	0	0
164	1	50	1.71749e+09	1.71753e+09	1.71783e+09	1.71787e+09	0	0
165	0	10	1.72586e+09	1.72591e+09	1.72621e+09	1.72621e+09	1	0
166	0	50	1.73106e+09	1.73109e+09	1.73139e+09	1.7314e+09	0	0
167	1	50	1.73858e+09	1.73862e+09	1.73892e+09	1.73902e+09	0	0
168	1	50	1.74554e+09	1.74558e+09	1.74588e+09	1.746e+09	0	0
169	1	50	1.75252e+09	1.75256e+09	1.75286e+09	1.75293e+09	0	0
170	0	50	1.75945e+09	1.75949e+09	1.75979e+09	1.75985e+09	0	0
171	0	50	1.76889e+09	1.76893e+09	1.76923e+09	1.77394e+09	0	0
172	0	10	1.79026e+09	1.79031e+09	1.79061e+09	1.79067e+09	1	0
173	0	50	1.79977e+09	1.7998e+09	1.8001e+09	1.80011e+09	0	0
174	1	50	1.80703e+09	1.80707e+09	1.80737e+09	1.80757e+09	0	0
175	1	50	1.81485e+09	1.8149e+09	1.8152e+09	1.81527e+09	0	0
176	1	50	1.82429e+09	1.82433e+09	1.82463e+09	1.82464e+09	0	0
177	0	50	1.83226e+09	1.8323e+09	1.8326e+09	1.83267e+09	0	0
178	0	10	1.84168e+09	1.84171e+09	1.84201e+09	1.84205e+09	1	0
179	0	10	1.84805e+09	1.84808e+09	1.84838e+09	1.84839e+09	1	0
180	0	10	1.8547e+09	1.85474e+09	1.85504e+09	1.85505e+09	1	0
181	0	50	1.85871e+09	1.85874e+09	1.85904e+09	1.85908e+09	0	0
182	1	50	1.86704e+09	1.86708e+09	1.86738e+09	1.86745e+09	0	0
183	1	50	1.87946e+09	1.8795e+09	1.8798e+09	1.87987e+09	0	0
184	1	50	1.88638e+09	1.88643e+09	1.88673e+09	1.88681e+09	0	0
185	0	10	1.89418e+09	1.89423e+09	1.89453e+09	1.89453e+09	1	0
186	0	50	1.89891e+09	1.89894e+09	1.89924e+09	1.89929e+09	0	0
187	1	50	1.90692e+09	1.90695e+09	1.90725e+09	1.9073e+09	0	0
188	1	50	1.91381e+09	1.91385e+09	1.91415e+09	1.91426e+09	0	0
189	1	50	1.92078e+09	1.92082e+09	1.92112e+09	1.92115e+09	0	0
190	0	50	1.92777e+09	1.9278e+09	1.9281e+09	1.92814e+09	0	0
191	0	50	1.93467e+09	1.93471e+09	1.93501e+09	1.93517e+09	0	0
192	0	50	1.94495e+09	1.94499e+09	1.94529e+09	1.94543e+09	0	0
193	0	10	1.95501e+09	1.95505e+09	1.95535e+09	1.95545e+09	1	0
194	0	10	1.96165e+09	1.96169e+09	1.96199e+09	1.962e+09	1	0
195	0	50	1.97629e+09	1.97634e+09	1.97664e+09	1.97668e+09	0	0
196	1	50	1.98322e+09	1.98325e+09	1.98355e+09	1.98358e+09	0	0
197	1	50	1.99011e+09	1.99015e+09	1.99045e+09	1.99059e+09	0	0
198	1	50	1.99711e+09	1.99715e+09	1.99745e+09	2.01106e+09	0	0
199	0	50	2.02404e+09	2.02407e+09	2.02437e+09	2.02464e+09	0	0
200	0	10	2.0315e+09	2.03154e+09	2.03184e+09	2.03195e+09	1	0
201	0	50	2.03459e+09	2.03464e+09	2.03494e+09	2.03509e+09	0	0
202	1	50	2.0416e+09	2.04164e+09	2.04194e+09	2.04199e+09	0	0
203	1	50	2.04965e+09	2.04968e+09	2.04998e+09	2.05008e+09	0	0
204	1	50	2.0566e+09	2.05664e+09	2.05694e+09	2.057e+09	0	0
205	0	10	2.06353e+09	2.06357e+09	2.06387e+09	2.06407e+09	1	0
206	0	50	2.06816e+09	2.0682e+09	2.0685e+09	2.06872e+09	0	0
207	1	50	2.07583e+09	2.07586e+09	2.07616e+09	2.0762e+09	0	0
208	1	50	2.08273e+09	2.08277e+09	2.08307e+09	2.08312e+09	0	0
209	1	50	2.08963e+09	2.08968e+09	2.08998e+09	2.08998e+09	0	0
210	0	50	2.09651e+09	2.09656e+09	2.09686e+09	2.09692e+09	0	0
211	0	10	2.10454e+09	2.10458e+09	2.10488e+09	2.10492e+09	1	0
212	0	10	2.1104e+09	2.11043e+09	2.11073e+09	2.11074e+09	1	0
213	0	50	2.11922e+09	2.11926e+09	2.11956e+09	2.11975e+09	0	0
214	1	50	2.12648e+09	2.12652e+09	2.12682e+09	2.12687e+09	0	0
215	1	50	2.13339e+09	2.13343e+09	2.13373e+09	2.13375e+09	0	0
216	1	50	2.14028e+09	2.14032e+09	2.14062e+09	2.14494e+09	0	0
217	0	50	2.15145e+09	2.15149e+09	2.15179e+09	2.15184e+09	0	0
218	0	50	2.15837e+09	2.15841e+09	2.15871e+09	2.15875e+09	0	0
219	0	10	2.17611e+09	2.17616e+09	2.17646e+09	2.17646e+09	1	0
220	0	10	2.18139e+09	2.18143e+09	2.18173e+09	2.18181e+09	1	0
221	0	50	2.18798e+09	2.18802e+09	2.18832e+09	2.18835e+09	0	0
222	1	50	2.19487e+09	2.1949e+09	2.19521e+09	2.19529e+09	0	0
223	1	50	2.20225e+09	2.20229e+09	2.20259e+09	2.20262e+09	0	0
224	1	50	2.20914e+09	2.20918e+09	2.20948e+09	2.2096e+09	0	0
225	0	50	2.21613e+09	2.21617e+09	2.21647e+09	2.2166e+09	0	0
226	0	10	2.22332e+09	2.22336e+09	2.22366e+09	2.22375e+09	1	0
227	0	10	2.2264e+09	2.22644e+09	2.22674e+09	2.22675e+09	1	0
228	0	10	2.23074e+09	2.23079e+09	2.23109e+09	2.23111e+09	1	0
229	0	10	2.23837e+09	2.2384e+09	2.23871e+09	2.23871e+09	1	0
230	0	50	2.25218e+09	2.25222e+09	2.25252e+09	2.25261e+09	0	0
231	1	50	2.2597e+09	2.25975e+09	2.26005e+09	2.26012e+09	0	0
232	1	50	2.26664e+09	2.26668e+09	2.26698e+09	2.26701e+09	0	0
233	1	50	2.27405e+09	2.27409e+09	2.27439e+09	2.27441e+09	0	0
234	0	50	2.28094e+09	2.28099e+09	2.28129e+09	2.28142e+09	0	0
235	0	50	2.28793e+09	2.28797e+09	2.28828e+09	2.28828e+09	0	0
236	0	50	2.295e+09	2.29504e+09	2.29534e+09	2.29552e+09	0	0
237	0	10	2.30205e+09	2.3021e+09	2.3024e+09	2.30241e+09	1	0
238	0	50	2.30572e+09	2.30576e+09	2.30606e+09	2.30606e+09	0	0
239	1	50	2.31259e+09	2.31264e+09	2.31294e+09	2.31295e+09	0	0
240	1	50	2.31992e+09	2.31995e+09	2.32025e+09	2.32026e+09	0	0
241	1	50	2.32678e+09	2.32682e+09	2.32712e+09	2.32712e+09	0	0
242	0	50	2.33364e+09	2.33368e+09	2.33398e+09	2.33846e+09	0	0
243	0	50	2.34497e+09	2.34501e+09	2.34531e+09	2.34551e+09	0	0
244	0	10	2.35204e+09	2.35208e+09	2.35238e+09	2.35248e+09	1	0
245	0	50	2.36151e+09	2.36155e+09	2.36186e+09	2.36202e+09	0	0
246	1	50	2.36854e+09	2.36858e+09	2.36888e+09	2.36892e+09	0	0
247	1	50	2.37803e+09	2.37806e+09	2.37836e+09	2.37846e+09	0	0
248	1	50	2.38698e+09	2.38702e+09	2.38732e+09	2.39065e+09	0	0
249	0	10	2.39864e+09	2.39868e+09	2.39898e+09	2.39917e+09	1	0
250	0	50	2.40078e+09	2.40082e+09	2.40112e+09	2.40117e+09	0	0
251	1	50	2.40768e+09	2.40772e+09	2.40802e+09	2.40807e+09	0	0
252	1	50	2.41458e+09	2.41462e+09	2.41492e+09	2.41559e+09	0	0
253	1	50	2.42443e+09	2.42447e+09	2.42477e+09	2.42486e+09	0	0
254	0	50	2.43138e+09	2.43142e+09	2.43172e+09	2.43181e+09	0	0
255	0	50	2.43833e+09	2.43836e+09	2.43866e+09	2.43867e+09	0	0
256	0	10	2.4452e+09	2.44524e+09	2.44554e+09	2.44555e+09	1	0
257	0	50	2.4581e+09	2.45814e+09	2.45844e+09	2.45855e+09	0	0
258	1	50	2.46508e+09	2.46512e+09	2.46542e+09	2.46549e+09	0	0
259	1	50	2.47201e+09	2.47205e+09	2.47235e+09	2.47243e+09	0	0
260	1	50	2.48035e+09	2.48039e+09	2.48069e+09	2.48133e+09	1	1
261	0	10	2.48774e+09	2.48779e+09	2.48809e+09	2.4881e+09	1	0
262	0	10	2.49523e+09	2.49527e+09	2.49557e+09	2.49566e+09	1	0
263	0	10	2.49953e+09	2.49958e+09	2.49988e+09	2.49996e+09	1	0
264	0	50	2.5029e+09	2.50294e+09	2.50324e+09	2.50326e+09	0	0
265	1	50	2.5105e+09	2.51054e+09	2.51084e+09	2.51085e+09	0	0
266	1	50	2.51908e+09	2.51913e+09	2.51943e+09	2.51943e+09	0	0
267	1	50	2.52724e+09	2.52728e+09	2.52758e+09	2.52779e+09	0	0
268	0	50	2.53973e+09	2.53978e+09	2.54008e+09	2.54009e+09	1	1
269	0	50	2.54435e+09	2.54439e+09	2.54469e+09	2.54471e+09	0	0
270	1	50	2.55428e+09	2.55432e+09	2.55462e+09	2.55466e+09	0	0
271	1	50	2.56118e+09	2.56122e+09	2.56152e+09	2.56173e+09	0	0
272	1	50	2.56824e+09	2.56828e+09	2.56858e+09	2.5686e+09	0	0
273	0	50	2.57513e+09	2.57517e+09	2.57547e+09	2.57554e+09	0	0
274	0	50	2.58359e+09	2.58364e+09	2.58394e+09	2.58394e+09	0	0
275	0	50	2.59047e+09	2.59052e+09	2.59082e+09	2.59086e+09	0	0
276	0	50	2.59844e+09	2.59848e+09	2.59878e+09	2.59884e+09	0	0
277	0	50	2.60536e+09	2.6054e+09	2.6057e+09	2.60573e+09	0	0
278	0	10	2.61633e+09	2.61636e+09	2.61666e+09	2.61668e+09	1	0
279	0	10	2.62411e+09	2.62414e+09	2.62444e+09	2.62448e+09	1	0
280	0	10	2.63067e+09	2.63072e+09	2.63102e+09	2.63103e+09	1	0
281	0	10	2.63869e+09	2.63873e+09	2.63903e+09	2.63907e+09	1	0
282	0	50	2.64386e+09	2.6439e+09	2.6442e+09	2.6442e+09	0	0
283	1	50	2.6531e+09	2.65314e+09	2.65344e+09	2.65347e+09	0	0
284	1	50	2.65999e+09	2.66003e+09	2.66033e+09	2.66037e+09	0	0
285	1	50	2.6669e+09	2.66693e+09	2.66723e+09	2.6673e+09	0	0
286	0	50	2.67447e+09	2.6745e+09	2.6748e+09	2.67487e+09	0	0
287	0	50	2.68205e+09	2.68209e+09	2.68239e+09	2.68388e+09	0	0
288	0	10	2.69041e+09	2.69044e+09	2.69074e+09	2.69088e+09	1	0
289	0	50	2.69595e+09	2.69599e+09	2.69629e+09	2.69645e+09	0	0
290	1	50	2.70607e+09	2.70611e+09	2.70641e+09	2.70642e+09	0	0
291	1	50	2.71314e+09	2.71318e+09	2.71348e+09	2.71355e+09	0	0
292	1	50	2.72007e+09	2.72011e+09	2.72041e+09	2.72041e+09	0	0
293	0	50	2.72693e+09	2.72697e+09	2.72727e+09	2.72734e+09	0	0
294	0	50	2.73385e+09	2.73389e+09	2.73419e+09	2.73428e+09	0	0
295	0	50	2.74345e+09	2.74349e+09	2.74379e+09	2.74382e+09	0	0
296	0	10	2.7511e+09	2.75114e+09	2.75144e+09	2.75145e+09	1	0
297	0	10	2.76083e+09	2.76087e+09	2.76117e+09	2.76118e+09	1	0
298	0	10	2.76645e+09	2.76649e+09	2.76679e+09	2.76685e+09	1	0
299	0	10	2.77784e+09	2.77787e+09	2.77817e+09	2.77818e+09	1	0
300	0	50	2.78857e+09	2.78862e+09	2.78892e+09	2.78895e+09	0	0
301	1	50	2.80393e+09	2.80398e+09	2.80428e+09	2.80429e+09	0	0
302	1	50	2.81476e+09	2.81481e+09	2.81511e+09	2.81512e+09	0	0
303	1	50	2.82258e+09	2.82262e+09	2.82292e+09	2.82297e+09	0	0
304	0	50	2.83296e+09	2.83299e+09	2.83329e+09	2.83348e+09	0	0
305	0	10	2.84861e+09	2.84864e+09	2.84894e+09	2.84988e+09	1	0
306	0	50	2.85809e+09	2.85813e+09	2.85843e+09	2.85845e+09	0	0
307	1	50	2.8702e+09	2.87025e+09	2.87055e+09	2.87058e+09	0	0
308	1	50	2.89179e+09	2.89184e+09	2.89214e+09	2.89227e+09	1	1
309	0	50	2.89947e+09	2.8995e+09	2.8998e+09	2.89985e+09	0	0
310	1	50	2.90697e+09	2.90701e+09	2.90731e+09	2.90998e+09	0	0
311	1	50	2.9165e+09	2.91654e+09	2.91684e+09	2.91854e+09	1	1
312	0	10	2.92747e+09	2.92752e+09	2.92782e+09	2.92915e+09	1	0
313	0	10	2.93078e+09	2.93082e+09	2.93112e+09	2.94828e+09	0	1
314	1	10	2.95481e+09	2.95484e+09	2.95514e+09	2.95796e+09	0	1
315	1	10	2.97309e+09	2.97313e+09	2.97343e+09	2.97526e+09	0	1
316	1	10	2.9847e+09	2.98474e+09	2.98504e+09	2.9881e+09	1	0
317	0	10	2.99228e+09	2.99233e+09	2.99263e+09	2.99263e+09	1	0
318	0	10	2.99491e+09	2.99496e+09	2.99526e+09	2.99527e+09	1	0
319	0	10	3.0001e+09	3.00014e+09	3.00044e+09	3.00051e+09	1	0
320	0	10	3.00497e+09	3.005e+09	3.0053e+09	3.00533e+09	1	0
321	0	10	3.00859e+09	3.00864e+09	3.00894e+09	3.00898e+09	0	1
322	1	10	3.01551e+09	3.01556e+09	3.01586e+09	3.01593e+09	1	0
323	0	50	3.01756e+09	3.01761e+09	3.01791e+09	3.01799e+09	0	0
324	1	50	3.02451e+09	3.02455e+09	3.02485e+09	3.02486e+09	0	0
325	1	50	3.03266e+09	3.0327e+09	3.033e+09	3.03304e+09	0	0
326	1	50	3.03957e+09	3.03962e+09	3.03992e+09	3.03999e+09	0	0
327	0	50	3.05447e+09	3.05451e+09	3.05481e+09	3.09429e+09	1	1
328	0	50	3.10793e+09	3.10797e+09	3.10827e+09	3.10827e+09	0	0
329	1	50	3.1148e+09	3.11483e+09	3.11514e+09	3.1152e+09	0	0
330	1	50	3.12172e+09	3.12176e+09	3.12206e+09	3.12207e+09	0	0
331	1	50	3.12859e+09	3.12864e+09	3.12894e+09	3.12894e+09	0	0
332	0	50	3.13547e+09	3.13552e+09	3.13582e+09	3.13589e+09	0	0
333	0	10	3.1424e+09	3.14244e+09	3.14274e+09	3.14276e+09	1	0
334	0	50	3.15019e+09	3.15024e+09	3.15054e+09	3.15055e+09	0	0
335	1	50	3.15707e+09	3.15711e+09	3.15741e+09	3.15743e+09	0	0
336	1	50	3.16396e+09	3.16399e+09	3.16429e+09	3.1643e+09	0	0
337	1	50	3.17082e+09	3.17086e+09	3.17116e+09	3.17118e+09	0	0
338	0	10	3.17771e+09	3.17775e+09	3.17805e+09	3.17818e+09	1	0
339	0	50	3.18972e+09	3.18975e+09	3.19005e+09	3.19006e+09	0	0
340	1	50	3.19658e+09	3.19662e+09	3.19692e+09	3.19698e+09	0	0
341	1	50	3.20453e+09	3.20457e+09	3.20487e+09	3.20491e+09	0	0
342	1	50	3.21143e+09	3.21147e+09	3.21177e+09	3.2176e+09	1	1
343	0	10	3.22276e+09	3.2228e+09	3.2231e+09	3.2231e+09	1	0
344	0	10	3.23355e+09	3.23358e+09	3.23388e+09	3.23394e+09	1	0
345	0	50	3.2398e+09	3.23984e+09	3.24015e+09	3.24017e+09	0	0
346	1	50	3.2467e+09	3.24674e+09	3.24704e+09	3.24714e+09	0	0
347	1	50	3.25372e+09	3.25376e+09	3.25406e+09	3.2541e+09	0	0
348	1	50	3.26062e+09	3.26066e+09	3.26096e+09	3.2611e+09	0	0
349	0	10	3.26805e+09	3.26809e+09	3.26839e+09	3.26847e+09	1	0
350	0	50	3.27398e+09	3.27403e+09	3.27433e+09	3.27434e+09	0	0
351	1	50	3.28087e+09	3.28091e+09	3.28121e+09	3.28127e+09	0	0
352	1	50	3.2888e+09	3.28883e+09	3.28913e+09	3.28914e+09	0	0
353	1	50	3.29566e+09	3.2957e+09	3.296e+09	3.29613e+09	0	0
354	0	50	3.30352e+09	3.30357e+09	3.30387e+09	3.30395e+09	0	0
355	0	50	3.31048e+09	3.31053e+09	3.31083e+09	3.31087e+09	0	0
356	0	50	3.31739e+09	3.31742e+09	3.31772e+09	3.31781e+09	0	0
357	0	10	3.32549e+09	3.32553e+09	3.32583e+09	3.32584e+09	1	0
358	0	50	3.33373e+09	3.33377e+09	3.33407e+09	3.33408e+09	0	0
359	1	50	3.34061e+09	3.34066e+09	3.34096e+09	3.34096e+09	0	0
360	1	50	3.34793e+09	3.34796e+09	3.34826e+09	3.35121e+09	0	0
361	1	50	3.35773e+09	3.35777e+09	3.35807e+09	3.35807e+09	0	0
362	0	10	3.3646e+09	3.36464e+09	3.36494e+09	3.36504e+09	1	0
363	0	50	3.37642e+09	3.37646e+09	3.37676e+09	3.37687e+09	0	0
364	1	50	3.3834e+09	3.38345e+09	3.38375e+09	3.38608e+09	1	1
365	0	10	3.39538e+09	3.39542e+09	3.39572e+09	3.39574e+09	1	0
366	0	50	3.40217e+09	3.4022e+09	3.4025e+09	3.40262e+09	0	0
367	1	50	3.41058e+09	3.41062e+09	3.41092e+09	3.41094e+09	0	0
368	1	50	3.41747e+09	3.41751e+09	3.41781e+09	3.44e+09	0	0
369	1	50	3.44652e+09	3.44656e+09	3.44686e+09	3.44686e+09	0	0
370	0	10	3.45339e+09	3.45344e+09	3.45374e+09	3.45375e+09	1	0
371	0	50	3.45955e+09	3.4596e+09	3.4599e+09	3.4599e+09	0	0
372	1	50	3.46836e+09	3.4684e+09	3.4687e+09	3.46875e+09	0	0
373	1	50	3.47687e+09	3.47691e+09	3.47721e+09	3.47727e+09	0	0
374	1	50	3.48379e+09	3.48383e+09	3.48413e+09	3.48426e+09	0	0
375	0	50	3.49201e+09	3.49205e+09	3.49235e+09	3.49246e+09	0	0
376	0	10	3.50574e+09	3.50578e+09	3.50608e+09	3.50608e+09	1	0
377	0	50	3.51444e+09	3.51448e+09	3.51478e+09	3.5148e+09	0	0
378	1	50	3.52241e+09	3.52245e+09	3.52275e+09	3.52276e+09	0	0
379	1	50	3.52928e+09	3.52932e+09	3.52962e+09	3.53778e+09	0	0
380	1	50	3.5443e+09	3.54434e+09	3.54464e+09	3.54464e+09	0	0
381	0	10	3.55116e+09	3.5512e+09	3.5515e+09	3.55157e+09	1	0
382	0	10	3.55854e+09	3.55858e+09	3.55888e+09	3.55889e+09	1	0
383	0	50	3.57013e+09	3.57017e+09	3.57047e+09	3.57049e+09	0	0
384	1	50	3.57702e+09	3.57707e+09	3.57737e+09	3.57737e+09	0	0
385	1	50	3.5839e+09	3.58394e+09	3.58424e+09	3.58424e+09	0	0
386	1	50	3.59092e+09	3.59096e+09	3.59126e+09	3.5913e+09	0	0
387	0	50	3.602e+09	3.60204e+09	3.60234e+09	3.60244e+09	0	0
388	0	50	3.60895e+09	3.60899e+09	3.60929e+09	3.62634e+09	0	0
389	0	50	3.6339e+09	3.63394e+09	3.63424e+09	3.63425e+09	0	0
390	0	50	3.64078e+09	3.64082e+09	3.64112e+09	3.66262e+09	1	1
391	0	50	3.66728e+09	3.66731e+09	3.66761e+09	3.66762e+09	0	0
392	1	50	3.67414e+09	3.67419e+09	3.67449e+09	3.69546e+09	1	1
393	0	50	3.70309e+09	3.70313e+09	3.70343e+09	3.70348e+09	0	0
394	1	50	3.71001e+09	3.71006e+09	3.71036e+09	3.71036e+09	0	0
395	1	50	3.71688e+09	3.71692e+09	3.71722e+09	3.71722e+09	0	0
396	1	50	3.72472e+09	3.72476e+09	3.72507e+09	3.72507e+09	0	0
397	0	50	3.73245e+09	3.7325e+09	3.7328e+09	3.73489e+09	0	0
398	0	10	3.74363e+09	3.74367e+09	3.74397e+09	3.74419e+09	1	0
399	0	50	3.7458e+09	3.74585e+09	3.74615e+09	3.74864e+09	0	0
400	1	50	3.75516e+09	3.7552e+09	3.7555e+09	3.7556e+09	0	0
401	1	50	3.76212e+09	3.76216e+09	3.76246e+09	3.76889e+09	1	1
402	0	50	3.77452e+09	3.77456e+09	3.77486e+09	3.77487e+09	0	0
403	1	50	3.7814e+09	3.78144e+09	3.78174e+09	3.78175e+09	0	0
404	1	50	3.78828e+09	3.78833e+09	3.78863e+09	3.79578e+09	1	1
405	0	10	3.8042e+09	3.80424e+09	3.80454e+09	3.80468e+09	1	0
406	0	10	3.81418e+09	3.81423e+09	3.81453e+09	3.81458e+09	1	0
407	0	50	3.8201e+09	3.82014e+09	3.82044e+09	3.82066e+09	0	0
408	1	50	3.82847e+09	3.82851e+09	3.82881e+09	3.8375e+09	1	1
409	0	50	3.84326e+09	3.84329e+09	3.84359e+09	3.84364e+09	0	0
410	1	50	3.85016e+09	3.8502e+09	3.8505e+09	3.85099e+09	0	0
411	1	50	3.85751e+09	3.85755e+09	3.85785e+09	3.8579e+09	0	0
412	1	50	3.86441e+09	3.86445e+09	3.86475e+09	3.87484e+09	1	1
413	0	50	3.88088e+09	3.88091e+09	3.88121e+09	3.88123e+09	0	0
414	1	50	3.88844e+09	3.88849e+09	3.88879e+09	3.88885e+09	0	0
415	1	50	3.89538e+09	3.89543e+09	3.89573e+09	3.89573e+09	0	0
416	1	50	3.90742e+09	3.90746e+09	3.90776e+09	3.91259e+09	0	0
417	0	50	3.91967e+09	3.91971e+09	3.92001e+09	3.92004e+09	0	0
418	0	50	3.93043e+09	3.93047e+09	3.93077e+09	3.93905e+09	1	1
419	0	50	3.94711e+09	3.94715e+09	3.94745e+09	3.94745e+09	0	0
420	1	50	3.95398e+09	3.95403e+09	3.95433e+09	3.95502e+09	0	0
421	1	50	3.96294e+09	3.96298e+09	3.96328e+09	3.96329e+09	0	0
422	1	50	3.96982e+09	3.96987e+09	3.97017e+09	4.00084e+09	1	1
423	0	10	4.0054e+09	4.00545e+09	4.00575e+09	4.00576e+09	1	0
424	0	10	4.0156e+09	4.01565e+09	4.01595e+09	4.01595e+09	1	0
425	0	10	4.0297e+09	4.02973e+09	4.03003e+09	4.03005e+09	1	0
426	0	50	4.03169e+09	4.03173e+09	4.03203e+09	4.03204e+09	0	0
427	1	50	4.04002e+09	4.04006e+09	4.04036e+09	4.04046e+09	0	0
428	1	50	4.04769e+09	4.04774e+09	4.04804e+09	4.04809e+09	0	0
429	1	50	4.05496e+09	4.05499e+09	4.05529e+09	4.06083e+09	0	0
430	0	10	4.06869e+09	4.06873e+09	4.06903e+09	4.06906e+09	1	0
431	0	50	4.07961e+09	4.07965e+09	4.07995e+09	4.07996e+09	0	0
432	1	50	4.08772e+09	4.08776e+09	4.08806e+09	4.08943e+09	0	0
433	1	50	4.09594e+09	4.09598e+09	4.09628e+09	4.09633e+09	0	0
434	1	50	4.10285e+09	4.10289e+09	4.10319e+09	4.1086e+09	0	0
435	0	50	4.11513e+09	4.11518e+09	4.11548e+09	4.11551e+09	0	0
436	0	10	4.131e+09	4.13104e+09	4.13134e+09	4.13134e+09	1	0
437	0	50	4.13683e+09	4.13687e+09	4.13717e+09	4.13719e+09	0	0
438	1	50	4.14373e+09	4.14377e+09	4.14407e+09	4.14416e+09	0	0
439	1	50	4.15068e+09	4.15072e+09	4.15103e+09	4.15109e+09	0	0
440	1	50	4.15761e+09	4.15765e+09	4.15795e+09	4.15802e+09	0	0
441	0	10	4.16536e+09	4.1654e+09	4.1657e+09	4.1657e+09	1	0
442	0	10	4.17219e+09	4.17224e+09	4.17254e+09	4.17261e+09	1	0
443	0	10	4.18501e+09	4.18504e+09	4.18534e+09	4.18537e+09	1	0
444	0	10	4.19594e+09	4.19597e+09	4.19627e+09	4.19632e+09	1	0
445	0	50	4.1994e+09	4.19945e+09	4.19975e+09	4.19975e+09	0	0
446	1	50	4.20628e+09	4.20633e+09	4.20663e+09	4.20678e+09	0	0
447	1	50	4.21515e+09	4.21519e+09	4.21549e+09	4.21559e+09	0	0
448	1	50	4.22341e+09	4.22345e+09	4.22375e+09	4.22375e+09	0	0
449	0	10	4.23215e+09	4.23219e+09	4.23249e+09	4.23255e+09	1	0
450	0	50	4.23693e+09	4.23696e+09	4.23726e+09	4.23728e+09	0	0
451	1	50	4.24769e+09	4.24773e+09	4.24803e+09	4.24804e+09	0	0
452	1	50	4.25456e+09	4.2546e+09	4.2549e+09	4.25501e+09	0	0
453	1	50	4.26153e+09	4.26156e+09	4.26187e+09	4.26868e+09	0	0
454	0	10	4.2752e+09	4.27524e+09	4.27554e+09	4.27554e+09	1	0
455	0	10	4.27717e+09	4.27721e+09	4.27751e+09	4.27752e+09	1	0
456	0	50	4.28493e+09	4.28497e+09	4.28527e+09	4.2853e+09	0	0
457	1	50	4.29182e+09	4.29186e+09	4.29217e+09	4.29223e+09	0	0
458	1	50	3.78472e+06	3.8245e+06	4.12474e+06	4.22394e+06	0	0
459	1	50	1.21498e+07	1.21818e+07	1.2482e+07	1.24897e+07	0	0
460	0	10	2.18839e+07	2.19269e+07	2.22271e+07	2.22885e+07	1	0
461	0	10	2.5516e+07	2.55618e+07	2.5862e+07	2.58713e+07	1	0
462	0	10	3.25069e+07	3.25407e+07	3.28409e+07	6.16044e+07	0	1
463	1	10	6.831e+07	6.83424e+07	6.86426e+07	6.86492e+07	1	0
464	0	50	7.3812e+07	7.38588e+07	7.4159e+07	7.41673e+07	0	0
465	1	50	8.546e+07	8.54947e+07	8.57949e+07	8.59834e+07	0	0
466	1	50	9.38046e+07	9.38453e+07	9.41456e+07	9.96979e+07	1	1
467	0	50	1.04563e+08	1.04606e+08	1.04906e+08	1.04994e+08	0	0
468	1	50	1.1151e+08	1.11549e+08	1.11849e+08	1.11854e+08	0	0
469	1	50	1.18375e+08	1.18414e+08	1.18714e+08	1.20205e+08	0	0
470	1	50	1.26722e+08	1.26761e+08	1.27061e+08	1.27095e+08	0	0
471	0	10	1.34424e+08	1.34468e+08	1.34769e+08	1.34914e+08	1	0
472	0	50	1.3655e+08	1.36586e+08	1.36886e+08	1.36925e+08	0	0
473	1	50	1.43457e+08	1.43503e+08	1.43804e+08	1.43901e+08	0	0
474	1	50	1.50416e+08	1.50454e+08	1.50755e+08	1.50759e+08	0	0
475	1	50	1.57278e+08	1.57317e+08	1.57617e+08	1.68004e+08	1	1
476	0	10	1.72761e+08	1.72801e+08	1.73102e+08	1.73164e+08	1	0
477	0	50	1.81414e+08	1.81446e+08	1.81746e+08	1.81813e+08	0	0
478	1	50	1.88329e+08	1.88368e+08	1.88669e+08	1.88671e+08	1	1
479	0	50	1.94059e+08	1.94106e+08	1.94407e+08	1.94411e+08	0	0
480	1	50	2.00933e+08	2.00973e+08	2.01273e+08	2.01311e+08	0	0
481	1	50	2.07841e+08	2.07887e+08	2.08187e+08	2.08225e+08	1	1
482	0	10	2.18854e+08	2.18889e+08	2.19189e+08	2.19239e+08	1	0
483	0	10	2.22476e+08	2.22512e+08	2.22812e+08	2.22851e+08	1	0
484	0	10	2.32455e+08	2.32495e+08	2.32796e+08	2.32801e+08	1	0
485	0	10	2.36055e+08	2.36097e+08	2.36397e+08	2.36457e+08	1	0
486	0	50	2.44085e+08	2.44125e+08	2.44425e+08	2.4443e+08	0	0
487	1	50	2.52092e+08	2.52127e+08	2.52427e+08	2.52445e+08	0	0
488	1	50	2.64368e+08	2.64406e+08	2.64706e+08	2.64781e+08	0	0
489	1	50	2.727e+08	2.72737e+08	2.73037e+08	2.7307e+08	0	0
490	0	10	2.84745e+08	2.84778e+08	2.85079e+08	2.85132e+08	1	0
491	0	50	2.8886e+08	2.88904e+08	2.89205e+08	2.89208e+08	0	0
492	1	50	2.95736e+08	2.9578e+08	2.96081e+08	2.96098e+08	0	0
493	1	50	3.02626e+08	3.02674e+08	3.02974e+08	3.02998e+08	0	0
494	1	50	3.09522e+08	3.09561e+08	3.09861e+08	3.09931e+08	0	0
495	0	10	3.16444e+08	3.16484e+08	3.16784e+08	3.16867e+08	1	0
496	0	50	3.21135e+08	3.21175e+08	3.21476e+08	3.2155e+08	0	0
497	1	50	3.28063e+08	3.28102e+08	3.28402e+08	3.28408e+08	0	0
498	1	50	3.34924e+08	3.34964e+08	3.35264e+08	3.36884e+08	0	0
499	1	50	3.43404e+08	3.43442e+08	3.43743e+08	3.43748e+08	0	0
500	0	50	3.55607e+08	3.55651e+08	3.55951e+08	3.60723e+08	1	1
501	0	10	3.67578e+08	3.67619e+08	3.67919e+08	3.67925e+08	1	0
502	0	50	3.73474e+08	3.7352e+08	3.7382e+08	3.73827e+08	0	0
503	1	50	3.80348e+08	3.80388e+08	3.80688e+08	3.80724e+08	0	0
504	1	50	3.87252e+08	3.87299e+08	3.87599e+08	3.88028e+08	1	1
505	0	50	3.92185e+08	3.92224e+08	3.92524e+08	3.92537e+08	0	0
506	1	50	3.99049e+08	3.99087e+08	3.99387e+08	3.99415e+08	0	0
507	1	50	4.05942e+08	4.05981e+08	4.06282e+08	4.06661e+08	0	0
508	1	50	4.1319e+08	4.13227e+08	4.13527e+08	4.21125e+08	0	0
509	0	50	4.27639e+08	4.27679e+08	4.27979e+08	4.27988e+08	0	0
510	0	50	4.34507e+08	4.34547e+08	4.34847e+08	4.35027e+08	1	1
511	0	50	4.40379e+08	4.40429e+08	4.40729e+08	4.40789e+08	0	0
512	1	50	4.47305e+08	4.47344e+08	4.47644e+08	4.66733e+08	1	1
513	0	50	4.7048e+08	4.70511e+08	4.70811e+08	4.70827e+08	0	0
514	1	50	4.78774e+08	4.78821e+08	4.79121e+08	4.88443e+08	1	1
515	0	10	4.93692e+08	4.93736e+08	4.94037e+08	4.94056e+08	1	0
516	0	10	4.9813e+08	4.98164e+08	4.98464e+08	4.98563e+08	1	0
517	0	10	5.02312e+08	5.02345e+08	5.02645e+08	5.02648e+08	1	0
518	0	50	5.13057e+08	5.13097e+08	5.13397e+08	5.13464e+08	0	0
519	1	50	5.20966e+08	5.21001e+08	5.21301e+08	5.21308e+08	0	0
520	1	50	5.27829e+08	5.27868e+08	5.28168e+08	5.32787e+08	1	1
521	0	10	5.41506e+08	5.41545e+08	5.41845e+08	5.41848e+08	1	0
522	0	10	5.48848e+08	5.48882e+08	5.49182e+08	5.49187e+08	1	0
523	0	50	5.55546e+08	5.55594e+08	5.55894e+08	5.56005e+08	1	1
524	0	10	5.62473e+08	5.62506e+08	5.62806e+08	5.6281e+08	1	0
525	0	10	5.81522e+08	5.81564e+08	5.81864e+08	5.81939e+08	1	0
526	0	50	5.8833e+08	5.88362e+08	5.88662e+08	5.88712e+08	0	0
527	1	50	5.96452e+08	5.96487e+08	5.96788e+08	5.96856e+08	0	0
528	1	50	6.03373e+08	6.03412e+08	6.03712e+08	6.03723e+08	0	0
529	1	50	6.10947e+08	6.10983e+08	6.11283e+08	6.28704e+08	0	0
530	0	50	6.35221e+08	6.3526e+08	6.3556e+08	6.35678e+08	0	0
531	0	50	6.42198e+08	6.42236e+08	6.42536e+08	6.63599e+08	0	0
532	0	10	6.70117e+08	6.70163e+08	6.70463e+08	6.70468e+08	1	0
533	0	50	6.73662e+08	6.73694e+08	6.73994e+08	6.74e+08	0	0
534	1	50	6.81329e+08	6.81361e+08	6.81662e+08	6.8167e+08	0	0
535	1	50	6.90164e+08	6.90204e+08	6.90505e+08	6.92852e+08	0	0
536	1	50	6.99366e+08	6.99405e+08	6.99705e+08	7.25886e+08	1	1
537	0	10	7.31786e+08	7.31836e+08	7.32136e+08	7.32156e+08	1	0
538	0	10	7.33808e+08	7.33854e+08	7.34154e+08	7.34252e+08	1	0
539	0	10	7.35884e+08	7.35918e+08	7.36218e+08	7.36254e+08	1	0
540	0	50	7.37897e+08	7.37941e+08	7.38241e+08	7.38291e+08	0	0
541	1	50	7.44977e+08	7.45008e+08	7.45308e+08	7.4539e+08	0	0
542	1	50	7.51909e+08	7.51948e+08	7.52248e+08	7.52453e+08	0	0
543	1	50	7.58968e+08	7.59007e+08	7.59307e+08	7.59333e+08	0	0
544	0	10	7.65856e+08	7.65895e+08	7.66196e+08	7.66201e+08	1	0
545	0	50	7.74324e+08	7.74373e+08	7.74673e+08	8.09248e+08	1	1
546	0	10	8.15855e+08	8.15902e+08	8.16202e+08	8.16206e+08	1	0
547	0	50	8.18136e+08	8.18177e+08	8.18477e+08	8.18545e+08	0	0
548	1	50	8.25063e+08	8.25113e+08	8.25413e+08	8.25418e+08	0	0
549	1	50	8.3194e+08	8.3198e+08	8.3228e+08	8.32297e+08	0	0
550	1	50	8.38829e+08	8.38875e+08	8.39175e+08	8.39178e+08	0	0
551	0	50	8.457e+08	8.45739e+08	8.46039e+08	8.46109e+08	0	0
552	0	10	8.52623e+08	8.52662e+08	8.52962e+08	8.52974e+08	1	0
553	0	50	8.54822e+08	8.54858e+08	8.55158e+08	8.55163e+08	0	0
554	1	50	8.64476e+08	8.6452e+08	8.64821e+08	8.64911e+08	0	0
555	1	50	8.71429e+08	8.71468e+08	8.71769e+08	8.77774e+08	0	0
556	1	50	8.8429e+08	8.84328e+08	8.84628e+08	8.84667e+08	0	0
557	0	50	8.95569e+08	8.9561e+08	8.95911e+08	9.06615e+08	0	0
558	0	50	9.13128e+08	9.13167e+08	9.13467e+08	9.13475e+08	0	0
559	0	10	9.19994e+08	9.20034e+08	9.20334e+08	9.20341e+08	1	0
560	0	10	9.28519e+08	9.28559e+08	9.28859e+08	9.28896e+08	1	0
561	0	10	9.30546e+08	9.30591e+08	9.30892e+08	9.30901e+08	1	0
562	0	10	9.33965e+08	9.34006e+08	9.34306e+08	9.34313e+08	1	0
563	0	10	9.4508e+08	9.45114e+08	9.45414e+08	9.45418e+08	1	0
564	0	10	9.51365e+08	9.51411e+08	9.51711e+08	9.51714e+08	1	0
565	0	50	9.56526e+08	9.56571e+08	9.56871e+08	9.56908e+08	0	0
566	1	50	9.63426e+08	9.63466e+08	9.63766e+08	9.63771e+08	0	0
567	1	50	9.71586e+08	9.71629e+08	9.7193e+08	9.72034e+08	0	0
568	1	50	9.78567e+08	9.78614e+08	9.78914e+08	9.78974e+08	0	0
569	0	50	9.85488e+08	9.85526e+08	9.85826e+08	9.85847e+08	0	0
570	0	50	9.92376e+08	9.92422e+08	9.92722e+08	9.92754e+08	0	0
571	0	50	9.99276e+08	9.99314e+08	9.99614e+08	1.01621e+09	0	0
572	0	50	1.02277e+09	1.02282e+09	1.02312e+09	1.02332e+09	0	0
573	0	50	1.02983e+09	1.02987e+09	1.03017e+09	1.04842e+09	1	1
574	0	10	1.05395e+09	1.054e+09	1.0543e+09	1.0543e+09	1	0
575	0	50	1.06417e+09	1.06421e+09	1.06451e+09	1.06458e+09	0	0
576	1	50	1.07109e+09	1.07114e+09	1.07144e+09	1.09372e+09	1	1
577	0	10	1.09953e+09	1.09957e+09	1.09987e+09	1.09987e+09	1	0
578	0	50	1.10546e+09	1.1055e+09	1.1058e+09	1.1058e+09	0	0
579	1	50	1.11233e+09	1.11236e+09	1.11266e+09	1.11271e+09	0	0
580	1	50	1.11923e+09	1.11927e+09	1.11957e+09	1.14139e+09	1	1
581	0	50	1.14633e+09	1.14637e+09	1.14667e+09	1.14671e+09	0	0
582	1	50	1.15323e+09	1.15327e+09	1.15357e+09	1.17104e+09	1	1
583	0	50	1.17748e+09	1.17752e+09	1.17782e+09	1.17783e+09	0	0
584	1	50	1.18435e+09	1.18439e+09	1.18469e+09	1.18766e+09	1	1
585	0	10	1.19343e+09	1.19347e+09	1.19377e+09	1.19378e+09	1	0
586	0	10	1.19697e+09	1.19702e+09	1.19732e+09	1.1974e+09	1	0
587	0	50	1.2036e+09	1.20364e+09	1.20394e+09	1.20397e+09	0	0
588	1	50	1.21049e+09	1.21053e+09	1.21083e+09	1.21744e+09	0	0
589	1	50	1.22437e+09	1.22442e+09	1.22472e+09	1.22602e+09	0	0
590	1	50	1.23256e+09	1.2326e+09	1.2329e+09	1.23795e+09	1	1
591	0	50	1.24297e+09	1.24301e+09	1.24331e+09	1.24335e+09	0	0
592	1	50	1.25116e+09	1.25121e+09	1.25151e+09	1.27798e+09	1	1
593	0	10	1.28204e+09	1.28208e+09	1.28238e+09	1.28243e+09	1	0
594	0	10	1.28502e+09	1.28506e+09	1.28536e+09	1.28541e+09	1	0
595	0	50	1.2872e+09	1.28725e+09	1.28755e+09	1.2898e+09	0	0
596	1	50	1.29632e+09	1.29636e+09	1.29666e+09	1.29669e+09	0	0
597	1	50	1.30322e+09	1.30326e+09	1.30356e+09	1.30365e+09	0	0
598	1	50	1.31017e+09	1.31021e+09	1.31051e+09	1.31052e+09	0	0
599	0	50	1.3221e+09	1.32214e+09	1.32244e+09	1.33097e+09	0	0
600	0	10	1.33793e+09	1.33797e+09	1.33827e+09	1.33827e+09	1	0
601	0	50	1.34462e+09	1.34466e+09	1.34496e+09	1.34501e+09	0	0
602	1	50	1.35153e+09	1.35157e+09	1.35187e+09	1.36657e+09	1	1
603	0	10	1.37158e+09	1.37162e+09	1.37192e+09	1.37199e+09	1	0
604	0	50	1.38131e+09	1.38135e+09	1.38165e+09	1.3818e+09	0	0
605	1	50	1.38832e+09	1.38835e+09	1.38865e+09	1.40104e+09	1	1
606	0	10	1.40705e+09	1.40709e+09	1.40739e+09	1.40746e+09	1	0
607	0	10	1.41298e+09	1.41302e+09	1.41332e+09	1.41332e+09	1	0
608	0	50	1.41529e+09	1.41533e+09	1.41563e+09	1.41955e+09	0	0
609	1	50	1.42608e+09	1.42613e+09	1.42643e+09	1.42643e+09	0	0
610	1	50	1.43637e+09	1.43641e+09	1.43671e+09	1.43673e+09	0	0
611	1	50	1.44326e+09	1.44331e+09	1.44361e+09	1.44365e+09	0	0
612	0	10	1.45017e+09	1.45021e+09	1.45051e+09	1.45061e+09	1	0
613	0	50	1.45867e+09	1.4587e+09	1.459e+09	1.45901e+09	0	0
614	1	50	1.46553e+09	1.46558e+09	1.46588e+09	1.46596e+09	0	0
615	1	50	1.47248e+09	1.47252e+09	1.47282e+09	1.47283e+09	0	0
616	1	50	1.48e+09	1.48005e+09	1.48035e+09	1.49652e+09	0	0
617	0	10	1.50773e+09	1.50777e+09	1.50807e+09	1.50807e+09	1	0
618	0	50	1.51129e+09	1.51132e+09	1.51162e+09	1.51166e+09	0	0
619	1	50	1.51818e+09	1.51822e+09	1.51852e+09	1.51857e+09	1	1
620	0	10	1.52322e+09	1.52327e+09	1.52357e+09	1.52369e+09	1	0
621	0	50	1.52544e+09	1.52547e+09	1.52577e+09	1.52578e+09	0	0
622	1	50	1.5323e+09	1.53234e+09	1.53264e+09	1.56069e+09	1	1
623	0	50	1.56893e+09	1.56898e+09	1.56928e+09	1.5922e+09	1	1
624	0	50	1.59592e+09	1.59596e+09	1.59626e+09	1.59627e+09	0	0
625	1	50	1.6028e+09	1.60284e+09	1.60314e+09	1.60324e+09	0	0
626	1	50	1.60993e+09	1.60998e+09	1.61028e+09	1.61601e+09	1	1
627	0	50	1.62148e+09	1.62152e+09	1.62182e+09	1.62191e+09	0	0
628	1	50	1.62843e+09	1.62846e+09	1.62876e+09	1.62989e+09	1	1
629	0	10	1.63534e+09	1.63538e+09	1.63568e+09	1.63572e+09	1	0
630	0	50	1.64289e+09	1.64293e+09	1.64323e+09	1.64328e+09	0	0
631	1	50	1.6498e+09	1.64984e+09	1.65014e+09	1.65022e+09	0	0
632	1	50	1.65673e+09	1.65677e+09	1.65707e+09	1.67791e+09	1	1
633	0	10	1.68254e+09	1.68258e+09	1.68288e+09	1.68289e+09	1	0
634	0	50	1.68837e+09	1.6884e+09	1.6887e+09	1.68871e+09	0	0
635	1	50	1.69523e+09	1.69527e+09	1.69557e+09	1.69609e+09	0	0
636	1	50	1.70261e+09	1.70265e+09	1.70295e+09	1.71316e+09	0	0
637	1	50	1.71967e+09	1.71971e+09	1.72001e+09	1.72009e+09	0	0
638	0	10	1.72662e+09	1.72667e+09	1.72697e+09	1.72698e+09	1	0
639	0	10	1.72875e+09	1.7288e+09	1.7291e+09	1.72912e+09	1	0
640	0	50	1.73115e+09	1.73119e+09	1.73149e+09	1.7315e+09	0	0
641	1	50	1.74107e+09	1.7411e+09	1.7414e+09	1.74771e+09	0	0
642	1	50	1.76079e+09	1.76083e+09	1.76113e+09	1.76124e+09	0	0
643	1	50	1.76777e+09	1.76781e+09	1.76811e+09	1.76816e+09	0	0
644	0	10	1.77468e+09	1.77471e+09	1.77501e+09	1.77502e+09	1	0
645	0	10	1.77954e+09	1.77958e+09	1.77988e+09	1.77991e+09	1	0
646	0	10	1.78423e+09	1.78427e+09	1.78457e+09	1.78458e+09	1	0
647	0	10	1.78624e+09	1.78627e+09	1.78657e+09	1.78657e+09	1	0
648	0	10	1.79342e+09	1.79346e+09	1.79376e+09	1.79383e+09	1	0
649	0	50	1.79831e+09	1.79834e+09	1.79864e+09	1.79875e+09	0	0
650	1	50	1.80526e+09	1.8053e+09	1.8056e+09	1.80561e+09	0	0
651	1	50	1.81293e+09	1.81297e+09	1.81327e+09	1.81981e+09	0	0
652	1	50	1.82633e+09	1.82636e+09	1.82666e+09	1.82679e+09	0	0
653	0	10	1.83331e+09	1.83334e+09	1.83365e+09	1.83373e+09	1	0
654	0	10	1.83698e+09	1.83702e+09	1.83732e+09	1.83732e+09	1	0
655	0	50	1.84201e+09	1.84206e+09	1.84236e+09	1.84236e+09	0	0
656	1	50	1.84889e+09	1.84892e+09	1.84922e+09	1.84926e+09	0	0
657	1	50	1.85578e+09	1.85582e+09	1.85612e+09	1.86056e+09	0	0
658	1	50	1.8671e+09	1.86714e+09	1.86744e+09	1.87143e+09	0	0
659	0	10	1.88e+09	1.88005e+09	1.88035e+09	1.88035e+09	1	0
660	0	50	1.88415e+09	1.88419e+09	1.88449e+09	1.88458e+09	0	0
661	1	50	1.8911e+09	1.89114e+09	1.89144e+09	1.89144e+09	0	0
662	1	50	1.89797e+09	1.89801e+09	1.89831e+09	1.89841e+09	0	0
663	1	50	1.90902e+09	1.90905e+09	1.90935e+09	1.91661e+09	1	1
664	0	10	1.9222e+09	1.92224e+09	1.92254e+09	1.92257e+09	1	0
665	0	50	1.92436e+09	1.9244e+09	1.9247e+09	1.92479e+09	1	1
666	0	50	1.93106e+09	1.93109e+09	1.93139e+09	1.93146e+09	0	0
667	1	50	1.93797e+09	1.93801e+09	1.93831e+09	1.93962e+09	0	0
668	1	50	1.94614e+09	1.94618e+09	1.94648e+09	1.95226e+09	1	1
669	0	50	1.95965e+09	1.95969e+09	1.95999e+09	1.97086e+09	0	0
670	1	50	1.97739e+09	1.97744e+09	1.97774e+09	1.97776e+09	0	0
671	1	50	1.98429e+09	1.98433e+09	1.98463e+09	1.99074e+09	0	0
672	1	50	1.99726e+09	1.9973e+09	1.9976e+09	2.00377e+09	1	1
673	0	10	2.00924e+09	2.00927e+09	2.00957e+09	2.00958e+09	1	0
674	0	50	2.01124e+09	2.01128e+09	2.01158e+09	2.01168e+09	0	0
675	1	50	2.0182e+09	2.01824e+09	2.01854e+09	2.02993e+09	1	1
676	0	10	2.03526e+09	2.03529e+09	2.03559e+09	2.03582e+09	1	0
677	0	50	2.03748e+09	2.03752e+09	2.03782e+09	2.04982e+09	0	0
678	1	50	2.05634e+09	2.05638e+09	2.05668e+09	2.05669e+09	0	0
679	1	50	2.06424e+09	2.06428e+09	2.06458e+09	2.08475e+09	0	0
680	1	50	2.09127e+09	2.09131e+09	2.09161e+09	2.09167e+09	0	0
681	0	50	2.09819e+09	2.09823e+09	2.09853e+09	2.11406e+09	0	0
682	0	50	2.12057e+09	2.12061e+09	2.12091e+09	2.12292e+09	0	0
683	0	10	2.12944e+09	2.12947e+09	2.12977e+09	2.12987e+09	1	0
684	0	10	2.13152e+09	2.13156e+09	2.13186e+09	2.13186e+09	1	0
685	0	10	2.13719e+09	2.13724e+09	2.13754e+09	2.13759e+09	1	0
686	0	10	2.14385e+09	2.1439e+09	2.1442e+09	2.14442e+09	1	0
687	0	10	2.14614e+09	2.14619e+09	2.14649e+09	2.14671e+09	1	0
688	0	10	2.14837e+09	2.14841e+09	2.14871e+09	2.14871e+09	1	0
689	0	50	2.15085e+09	2.1509e+09	2.1512e+09	2.15127e+09	0	0
690	1	50	2.15779e+09	2.15782e+09	2.15812e+09	2.15813e+09	0	0
691	1	50	2.16861e+09	2.16864e+09	2.16894e+09	2.17836e+09	1	1
692	0	50	2.18215e+09	2.1822e+09	2.1825e+09	2.1825e+09	0	0
693	1	50	2.18903e+09	2.18906e+09	2.18936e+09	2.18944e+09	0	0
694	1	50	2.19595e+09	2.19599e+09	2.19629e+09	2.19634e+09	0	0
695	1	50	2.20585e+09	2.2059e+09	2.2062e+09	2.21127e+09	1	1
696	0	10	2.21607e+09	2.21611e+09	2.21641e+09	2.21644e+09	1	0
697	0	50	2.22168e+09	2.22172e+09	2.22202e+09	2.22213e+09	0	0
698	1	50	2.22952e+09	2.22957e+09	2.22987e+09	2.24611e+09	0	0
699	1	50	2.25263e+09	2.25267e+09	2.25297e+09	2.25307e+09	0	0
700	1	50	2.26428e+09	2.26431e+09	2.26461e+09	2.27285e+09	0	0
701	0	50	2.27937e+09	2.2794e+09	2.2797e+09	2.28324e+09	1	1
702	0	10	2.28836e+09	2.28839e+09	2.28869e+09	2.28869e+09	1	0
703	0	50	2.29053e+09	2.29057e+09	2.29087e+09	2.29094e+09	0	0
704	1	50	2.30169e+09	2.30173e+09	2.30203e+09	2.30214e+09	0	0
705	1	50	2.30867e+09	2.30872e+09	2.30902e+09	2.32576e+09	1	1
706	0	50	2.33168e+09	2.33171e+09	2.33201e+09	2.34242e+09	0	0
707	1	50	2.34895e+09	2.34899e+09	2.34929e+09	2.36784e+09	1	1
708	0	50	2.37409e+09	2.37413e+09	2.37443e+09	2.38252e+09	1	1
709	0	50	2.38726e+09	2.3873e+09	2.3876e+09	2.41863e+09	1	1
710	0	50	2.42376e+09	2.4238e+09	2.4241e+09	2.4241e+09	0	0
711	1	50	2.43064e+09	2.43068e+09	2.43098e+09	2.43877e+09	1	1
712	0	10	2.44457e+09	2.44461e+09	2.44491e+09	2.44499e+09	1	0
713	0	50	2.44664e+09	2.44669e+09	2.44699e+09	2.44707e+09	0	0
714	1	50	2.45359e+09	2.45363e+09	2.45393e+09	2.46642e+09	1	1
715	0	50	2.47181e+09	2.47184e+09	2.47214e+09	2.49115e+09	0	0
716	1	50	2.53321e+09	2.53326e+09	2.53356e+09	2.55335e+09	0	0
717	1	50	2.55987e+09	2.55991e+09	2.56021e+09	2.57622e+09	1	1
718	0	50	2.58082e+09	2.58086e+09	2.58116e+09	2.5848e+09	1	1
719	0	50	2.59018e+09	2.59022e+09	2.59053e+09	2.59387e+09	1	1
720	0	50	2.5986e+09	2.59864e+09	2.59894e+09	2.64507e+09	1	1
721	0	10	2.65174e+09	2.65179e+09	2.65209e+09	2.65335e+09	1	0
722	0	50	2.655e+09	2.65504e+09	2.65534e+09	2.67681e+09	1	1
723	0	50	2.68452e+09	2.68456e+09	2.68486e+09	2.68501e+09	1	1
724	0	10	2.68882e+09	2.68886e+09	2.68916e+09	2.6892e+09	0	1