trial trialType response stillTime stimOnset stimOffset respTime correctionTrial correct
001 1 1 3.43861e+06 5.61709e+06 6.636e+06 1.52932e+07 0
NaN 001 1 1 3.43861e+06 5.61709e+06 6.636e+06 1.53215e+07 0
NaN 001 1 1 3.43861e+06 5.61709e+06 6.636e+06 1.53512e+07 0
NaN 001 1 1 3.43861e+06 5.61709e+06 6.636e+06 1.54103e+07 0
NaN 001 1 0 3.43861e+06 5.61709e+06 6.636e+06 1.92172e+07 0
NaN 001 1 0 3.43861e+06 5.61709e+06 6.636e+06 1.92542e+07 0
NaN 001 1 0 3.43861e+06 5.61709e+06 6.636e+06 1.92715e+07 0
NaN 001 1 0 3.43861e+06 5.61709e+06 6.636e+06 1.93173e+07 0
NaN 001 1 0 3.43861e+06 5.61709e+06 6.636e+06 1.93736e+07 0
NaN 