
001	0	2	7.978e+06	8.02396e+06	8.32553e+06	9.18792e+06	1
002	0	1	1.08216e+07	1.08623e+07	1.11625e+07	1.14783e+07	1
003	0	2	2.3423e+07	2.34685e+07	2.37687e+07	3.16029e+07	1
004	0	2	3.46522e+07	3.46936e+07	3.49938e+07	3.5569e+07	1
005	0	1	3.70473e+07	3.70795e+07	3.73798e+07	3.93482e+07	0
006	1	1	4.57667e+07	4.57986e+07	4.60989e+07	4.6867e+07	0
007	1	1	5.37774e+07	5.38225e+07	5.41227e+07	5.72552e+07	0
008	1	2	6.32791e+07	6.33235e+07	6.36238e+07	6.50738e+07	0
009	1	1	7.3385e+07	7.34277e+07	7.3728e+07	7.9475e+07	0
010	1	2	8.57887e+07	8.58271e+07	8.61274e+07	8.63466e+07	0
011	1	1	9.66226e+07	9.66639e+07	9.69642e+07	9.89496e+07	1
012	0	2	1.00024e+08	1.0006e+08	1.0036e+08	1.01226e+08	1
013	0	1	1.15866e+08	1.15905e+08	1.16205e+08	1.16457e+08	1
014	0	1	1.24097e+08	1.24134e+08	1.24434e+08	1.2447e+08	1
015	0	2	1.33854e+08	1.33886e+08	1.34186e+08	1.35086e+08	1
016	0	2	1.49173e+08	1.49221e+08	1.49522e+08	1.49988e+08	1
017	0	2	1.67033e+08	1.67074e+08	1.67375e+08	1.67733e+08	1
018	0	1	1.87636e+08	1.87675e+08	1.87975e+08	1.88437e+08	0
019	1	1	1.95131e+08	1.95172e+08	1.95472e+08	1.9589e+08	0
020	1	2	2.03422e+08	2.03461e+08	2.03762e+08	2.03793e+08	1
021	0	1	2.15602e+08	2.15647e+08	2.15947e+08	2.16159e+08	1
022	0	2	2.22298e+08	2.22333e+08	2.22633e+08	2.22737e+08	1
023	0	1	2.23976e+08	2.24022e+08	2.24322e+08	2.2668e+08	0
024	1	2	2.35788e+08	2.35822e+08	2.36123e+08	2.364e+08	0
025	1	2	2.43556e+08	2.43599e+08	2.43899e+08	2.47093e+08	0
026	1	2	2.53471e+08	2.53506e+08	2.53806e+08	2.54376e+08	0
027	1	1	2.61424e+08	2.61464e+08	2.61765e+08	2.6197e+08	0
028	1	1	2.68676e+08	2.6872e+08	2.6902e+08	2.69171e+08	0
029	1	2	2.75204e+08	2.75242e+08	2.75543e+08	2.75832e+08	0
030	1	1	2.83203e+08	2.83243e+08	2.83544e+08	2.87211e+08	1
031	0	1	2.88349e+08	2.88396e+08	2.88696e+08	2.90729e+08	0
032	1	2	2.96742e+08	2.96778e+08	2.97079e+08	2.97287e+08	1
033	0	1	3.05452e+08	3.05492e+08	3.05792e+08	3.0586e+08	1
034	0	1	3.13677e+08	3.13723e+08	3.14023e+08	3.14877e+08	0
035	1	1	3.20895e+08	3.20931e+08	3.21232e+08	3.21634e+08	1
036	0	2	3.22798e+08	3.22842e+08	3.23143e+08	3.24509e+08	0
037	1	1	3.31472e+08	3.3152e+08	3.3182e+08	3.32602e+08	0
038	1	1	3.38618e+08	3.38656e+08	3.38957e+08	3.39135e+08	0
039	1	1	3.46189e+08	3.46229e+08	3.46529e+08	3.47034e+08	1
040	0	1	3.49104e+08	3.49145e+08	3.49445e+08	3.49691e+08	0
041	1	1	3.56135e+08	3.5618e+08	3.5648e+08	3.57116e+08	0
042	1	1	3.63993e+08	3.64028e+08	3.64328e+08	3.64913e+08	0
043	1	1	3.72731e+08	3.72767e+08	3.73067e+08	3.7538e+08	1
044	0	1	3.79564e+08	3.79598e+08	3.79898e+08	3.80086e+08	0
045	1	1	3.90096e+08	3.90137e+08	3.90437e+08	3.90863e+08	0
046	1	2	3.97719e+08	3.97767e+08	3.98067e+08	3.98305e+08	1
047	0	2	4.01843e+08	4.01878e+08	4.02179e+08	4.02607e+08	1
048	0	2	4.08246e+08	4.08293e+08	4.08593e+08	4.09564e+08	0
049	1	1	4.2031e+08	4.20341e+08	4.20642e+08	4.23342e+08	1
050	0	1	4.38148e+08	4.38185e+08	4.38485e+08	4.40448e+08	0
051	1	2	4.54208e+08	4.54241e+08	4.54541e+08	4.57139e+08	0
052	1	2	4.63452e+08	4.63492e+08	4.63793e+08	4.64666e+08	0
053	1	2	4.70722e+08	4.70762e+08	4.71063e+08	4.71099e+08	1
054	0	1	4.86146e+08	4.86178e+08	4.86478e+08	4.8792e+08	0
055	1	1	4.95969e+08	4.9601e+08	4.9631e+08	4.96787e+08	1
056	0	2	4.98176e+08	4.98221e+08	4.98521e+08	4.99675e+08	0
057	1	2	5.08162e+08	5.08209e+08	5.08509e+08	5.09197e+08	1
058	0	2	5.23462e+08	5.23493e+08	5.23793e+08	5.25636e+08	1
059	0	2	5.31364e+08	5.31408e+08	5.31708e+08	5.35297e+08	1
060	0	2	5.36366e+08	5.36402e+08	5.36703e+08	5.38799e+08	1
061	0	2	5.3994e+08	5.39984e+08	5.40284e+08	5.44001e+08	0
062	1	1	5.62262e+08	5.62301e+08	5.62601e+08	5.64288e+08	0
063	1	1	5.7745e+08	5.77482e+08	5.77783e+08	5.79047e+08	0
064	1	1	5.88731e+08	5.88763e+08	5.89064e+08	5.91037e+08	0
065	1	2	5.97582e+08	5.97625e+08	5.97926e+08	5.98367e+08	0
066	1	2	6.0636e+08	6.064e+08	6.06701e+08	6.07053e+08	0
067	1	2	6.13085e+08	6.13131e+08	6.13431e+08	6.14545e+08	1
068	0	2	6.15775e+08	6.15813e+08	6.16114e+08	6.16951e+08	0
069	1	2	6.25067e+08	6.25105e+08	6.25405e+08	6.26565e+08	1
070	0	1	6.28312e+08	6.28356e+08	6.28656e+08	6.28681e+08	1
071	0	2	6.38813e+08	6.38851e+08	6.39151e+08	6.39803e+08	1
072	0	1	6.4118e+08	6.41215e+08	6.41516e+08	6.42844e+08	0
073	1	1	6.56054e+08	6.56102e+08	6.56402e+08	6.57805e+08	0
074	1	1	6.65479e+08	6.6552e+08	6.65821e+08	6.65939e+08	1
075	0	2	6.71716e+08	6.71753e+08	6.72054e+08	6.75728e+08	1
076	0	2	6.7693e+08	6.76978e+08	6.77278e+08	6.78508e+08	1
077	0	2	6.84039e+08	6.84078e+08	6.84378e+08	6.87283e+08	1
078	0	1	6.89737e+08	6.89776e+08	6.90076e+08	6.94598e+08	0
079	1	2	7.08054e+08	7.081e+08	7.08401e+08	7.08892e+08	1
080	0	2	7.28436e+08	7.28469e+08	7.28769e+08	7.29608e+08	1
081	0	1	7.31456e+08	7.31497e+08	7.31797e+08	7.32321e+08	0
082	1	1	7.47398e+08	7.4744e+08	7.4774e+08	7.48733e+08	1
083	0	2	7.49818e+08	7.49862e+08	7.50162e+08	7.56131e+08	0
084	1	1	7.6504e+08	7.65085e+08	7.65385e+08	7.65595e+08	0
085	1	1	7.72014e+08	7.7205e+08	7.7235e+08	7.72823e+08	1
086	0	1	7.81852e+08	7.81899e+08	7.82199e+08	7.83049e+08	1
087	0	1	7.84244e+08	7.84291e+08	7.84592e+08	7.85035e+08	0
088	1	1	7.95646e+08	7.95694e+08	7.95994e+08	7.96658e+08	0
089	1	1	8.06064e+08	8.06101e+08	8.06401e+08	8.07846e+08	0
090	1	1	8.19993e+08	8.20041e+08	8.20341e+08	8.2064e+08	1
091	0	1	8.22521e+08	8.22552e+08	8.22852e+08	8.229e+08	0
092	1	2	8.35354e+08	8.35397e+08	8.35697e+08	8.36186e+08	0
093	1	1	8.42221e+08	8.42265e+08	8.42565e+08	8.42682e+08	1
094	0	2	8.60029e+08	8.6007e+08	8.60371e+08	8.6044e+08	0
095	1	2	8.68713e+08	8.68752e+08	8.69052e+08	8.71209e+08	1
096	0	2	8.73005e+08	8.73038e+08	8.73338e+08	8.74687e+08	1
097	0	2	8.8671e+08	8.86757e+08	8.87058e+08	8.87329e+08	0
098	1	1	9.00988e+08	9.01032e+08	9.01332e+08	9.0148e+08	0
099	1	1	9.09214e+08	9.09253e+08	9.09553e+08	9.09819e+08	1
100	0	1	9.11314e+08	9.11348e+08	9.11648e+08	9.11928e+08	0
101	1	1	9.19531e+08	9.19564e+08	9.19864e+08	9.20907e+08	1
102	0	2	9.22059e+08	9.22097e+08	9.22397e+08	9.25056e+08	0
103	1	2	9.31075e+08	9.31113e+08	9.31414e+08	9.31691e+08	0
104	1	2	9.41992e+08	9.42032e+08	9.42332e+08	9.42524e+08	1
105	0	1	9.51083e+08	9.51119e+08	9.51419e+08	9.51876e+08	0
106	1	1	9.62389e+08	9.62432e+08	9.62732e+08	9.63601e+08	1
107	0	1	9.65176e+08	9.65222e+08	9.65523e+08	9.65744e+08	1
108	0	2	9.79893e+08	9.79928e+08	9.80228e+08	9.81828e+08	0
109	1	1	9.94928e+08	9.94966e+08	9.95267e+08	9.9596e+08	0
110	1	2	1.00279e+09	1.00282e+09	1.00312e+09	1.00451e+09	1
111	0	1	1.00582e+09	1.00586e+09	1.00616e+09	1.00619e+09	0
112	1	2	1.01793e+09	1.01797e+09	1.01827e+09	1.02189e+09	1
113	0	2	1.02307e+09	1.02311e+09	1.02341e+09	1.0254e+09	0
114	1	1	1.0341e+09	1.03414e+09	1.03444e+09	1.03523e+09	0
115	1	1	1.0482e+09	1.04824e+09	1.04854e+09	1.04931e+09	1
116	0	1	1.05126e+09	1.0513e+09	1.0516e+09	1.05262e+09	1
117	0	1	1.0539e+09	1.05394e+09	1.05424e+09	1.05547e+09	0
118	1	1	1.06574e+09	1.06578e+09	1.06608e+09	1.06668e+09	1
119	0	2	1.07921e+09	1.07925e+09	1.07955e+09	1.08096e+09	0
120	1	2	1.09296e+09	1.09299e+09	1.09329e+09	1.0974e+09	1
121	0	1	1.11224e+09	1.11228e+09	1.11258e+09	1.11388e+09	1
122	0	2	1.11965e+09	1.11969e+09	1.11999e+09	1.12005e+09	1
123	0	1	1.13194e+09	1.13199e+09	1.13229e+09	1.13347e+09	0
124	1	2	1.13949e+09	1.13953e+09	1.13983e+09	1.13994e+09	1
125	0	1	1.14101e+09	1.14105e+09	1.14135e+09	1.14342e+09	1
126	0	2	1.15652e+09	1.15656e+09	1.15686e+09	1.15726e+09	1
127	0	1	1.16326e+09	1.1633e+09	1.1636e+09	1.16526e+09	0
128	1	1	1.17128e+09	1.17131e+09	1.17161e+09	1.17167e+09	0
129	1	1	1.18045e+09	1.18049e+09	1.18079e+09	1.18086e+09	0
130	1	1	1.1884e+09	1.18843e+09	1.18873e+09	1.18923e+09	0
131	1	1	1.19632e+09	1.19637e+09	1.19667e+09	1.19789e+09	1
132	0	2	1.20904e+09	1.20909e+09	1.20939e+09	1.21e+09	1
133	0	2	1.2148e+09	1.21483e+09	1.21513e+09	1.2159e+09	0
134	1	2	1.22431e+09	1.22435e+09	1.22465e+09	1.22482e+09	0
135	1	2	1.23115e+09	1.23119e+09	1.23149e+09	1.23159e+09	0
136	1	2	1.24562e+09	1.24566e+09	1.24596e+09	1.24668e+09	1
137	0	2	1.25412e+09	1.25415e+09	1.25445e+09	1.25479e+09	0
138	1	2	1.26622e+09	1.26627e+09	1.26657e+09	1.26688e+09	1
139	0	1	1.27756e+09	1.27759e+09	1.27789e+09	1.27796e+09	0
140	1	1	1.28744e+09	1.28747e+09	1.28777e+09	1.28806e+09	1
141	0	2	1.29643e+09	1.29646e+09	1.29676e+09	1.29761e+09	1
142	0	1	1.30335e+09	1.3034e+09	1.3037e+09	1.30399e+09	0
143	1	1	1.31313e+09	1.31317e+09	1.31347e+09	1.315e+09	0
144	1	1	1.32129e+09	1.32133e+09	1.32163e+09	1.3227e+09	0
145	1	1	1.33712e+09	1.33716e+09	1.33746e+09	1.33921e+09	0
146	1	2	1.34718e+09	1.34722e+09	1.34752e+09	1.34795e+09	1
147	0	2	1.35387e+09	1.35391e+09	1.35421e+09	1.35499e+09	1
148	0	1	1.35784e+09	1.35788e+09	1.35818e+09	1.35827e+09	0
149	1	2	1.36632e+09	1.36635e+09	1.36665e+09	1.36864e+09	1
150	0	1	1.37271e+09	1.37274e+09	1.37304e+09	1.3736e+09	0
151	1	1	1.38006e+09	1.3801e+09	1.3804e+09	1.3814e+09	1
152	0	1	1.38268e+09	1.38272e+09	1.38302e+09	1.38418e+09	0
153	1	2	1.39129e+09	1.39133e+09	1.39163e+09	1.39202e+09	1
154	0	1	1.39961e+09	1.39964e+09	1.39994e+09	1.4004e+09	0
155	1	2	1.40793e+09	1.40797e+09	1.40827e+09	1.40944e+09	1
156	0	1	1.41099e+09	1.41103e+09	1.41133e+09	1.41248e+09	0
157	1	2	1.41913e+09	1.41917e+09	1.41947e+09	1.41955e+09	1
158	0	2	1.42654e+09	1.42658e+09	1.42688e+09	1.42754e+09	1
159	0	2	1.42929e+09	1.42933e+09	1.42963e+09	1.431e+09	1
160	0	2	1.44506e+09	1.4451e+09	1.4454e+09	1.4461e+09	1
161	0	1	1.44798e+09	1.44802e+09	1.44832e+09	1.44865e+09	1
162	0	2	1.45697e+09	1.45701e+09	1.45731e+09	1.45787e+09	0
163	1	1	1.46389e+09	1.46392e+09	1.46422e+09	1.46451e+09	1
164	0	2	1.46597e+09	1.46601e+09	1.46631e+09	1.47036e+09	0
165	1	2	1.47951e+09	1.47955e+09	1.47985e+09	1.48004e+09	1
166	0	2	1.49108e+09	1.49113e+09	1.49143e+09	1.49152e+09	0
167	1	1	1.50328e+09	1.50332e+09	1.50362e+09	1.50397e+09	0
168	1	1	1.51436e+09	1.51441e+09	1.51471e+09	1.51699e+09	1
169	0	1	1.51807e+09	1.51811e+09	1.51841e+09	1.5219e+09	1
170	0	2	1.52297e+09	1.52301e+09	1.52331e+09	1.52433e+09	0
171	1	2	1.53436e+09	1.53441e+09	1.53471e+09	1.53691e+09	1
172	0	1	1.54659e+09	1.54664e+09	1.54694e+09	1.54721e+09	0
173	1	2	1.55694e+09	1.55698e+09	1.55728e+09	1.55757e+09	1
174	0	2	1.56388e+09	1.56392e+09	1.56422e+09	1.56434e+09	1
175	0	2	1.56643e+09	1.56646e+09	1.56677e+09	1.56682e+09	1
176	0	2	1.58123e+09	1.58127e+09	1.58157e+09	1.58285e+09	1
177	0	2	1.59158e+09	1.59161e+09	1.59191e+09	1.59202e+09	1
178	0	2	1.6016e+09	1.60164e+09	1.60194e+09	1.60244e+09	0
179	1	2	1.61586e+09	1.6159e+09	1.6162e+09	1.6194e+09	0
180	1	1	1.63168e+09	1.63172e+09	1.63202e+09	1.63336e+09	0
181	1	1	1.64018e+09	1.64021e+09	1.64051e+09	1.64105e+09	0
182	1	1	1.65367e+09	1.65371e+09	1.65401e+09	1.65412e+09	0
183	1	1	1.66111e+09	1.66114e+09	1.66144e+09	1.66153e+09	0
184	1	1	1.6696e+09	1.66964e+09	1.66994e+09	1.67042e+09	1
185	0	2	1.6715e+09	1.67154e+09	1.67184e+09	1.67196e+09	0
186	1	2	1.68392e+09	1.68396e+09	1.68426e+09	1.68434e+09	1
187	0	2	1.68622e+09	1.68625e+09	1.68655e+09	1.68743e+09	0
188	1	2	1.69688e+09	1.69693e+09	1.69723e+09	1.69752e+09	1
189	0	1	1.69969e+09	1.69973e+09	1.70003e+09	1.70139e+09	1
190	0	1	1.70823e+09	1.70827e+09	1.70857e+09	1.71001e+09	0
191	1	2	1.72061e+09	1.72065e+09	1.72095e+09	1.72176e+09	1
192	0	1	1.72322e+09	1.72327e+09	1.72357e+09	1.7253e+09	0
193	1	2	1.73158e+09	1.73161e+09	1.73191e+09	1.73404e+09	1
194	0	2	1.73568e+09	1.73572e+09	1.73602e+09	1.73793e+09	1
195	0	1	1.73965e+09	1.7397e+09	1.74e+09	1.74601e+09	1
196	0	2	1.74715e+09	1.74719e+09	1.74749e+09	1.7518e+09	0
197	1	1	1.75864e+09	1.75867e+09	1.75897e+09	1.7606e+09	0
198	1	2	1.76785e+09	1.76789e+09	1.76819e+09	1.76851e+09	1
199	0	1	1.77421e+09	1.77425e+09	1.77455e+09	1.77531e+09	0
200	1	2	1.78512e+09	1.78516e+09	1.78547e+09	1.78732e+09	1
201	0	2	1.7887e+09	1.78873e+09	1.78903e+09	1.78919e+09	0
202	1	1	1.80014e+09	1.80018e+09	1.80048e+09	1.80095e+09	0
203	1	2	1.80917e+09	1.8092e+09	1.8095e+09	1.80979e+09	1
204	0	2	1.81576e+09	1.8158e+09	1.8161e+09	1.81634e+09	1
205	0	2	1.8177e+09	1.81773e+09	1.81803e+09	1.81818e+09	1
206	0	2	1.83209e+09	1.83214e+09	1.83244e+09	1.83309e+09	0
207	1	2	1.83948e+09	1.83952e+09	1.83983e+09	1.84046e+09	1
208	0	1	1.8419e+09	1.84195e+09	1.84225e+09	1.84675e+09	0
209	1	1	1.85641e+09	1.85645e+09	1.85675e+09	1.85735e+09	0
210	1	1	1.86531e+09	1.86535e+09	1.86565e+09	1.86627e+09	1
211	0	1	1.86753e+09	1.86756e+09	1.86786e+09	1.86915e+09	1
212	0	2	1.87513e+09	1.87516e+09	1.87546e+09	1.87581e+09	1
213	0	2	1.88941e+09	1.88946e+09	1.88976e+09	1.89024e+09	1
214	0	1	1.89174e+09	1.89179e+09	1.89209e+09	1.89318e+09	1
215	0	2	1.90586e+09	1.90589e+09	1.9062e+09	1.90818e+09	0
216	1	1	1.91419e+09	1.91423e+09	1.91453e+09	1.92022e+09	1
217	0	2	1.92535e+09	1.92539e+09	1.92569e+09	1.92657e+09	0
218	1	2	1.9326e+09	1.93264e+09	1.93294e+09	1.93811e+09	1
219	0	1	1.95091e+09	1.95094e+09	1.95124e+09	1.9514e+09	1
220	0	1	1.95882e+09	1.95887e+09	1.95917e+09	1.95924e+09	1
221	0	1	1.96132e+09	1.96136e+09	1.96166e+09	1.96203e+09	0
222	1	1	1.97858e+09	1.97861e+09	1.97891e+09	1.97916e+09	1
223	0	1	1.98704e+09	1.98707e+09	1.98737e+09	1.98783e+09	0
224	1	2	1.9994e+09	1.99944e+09	1.99974e+09	1.99988e+09	1
225	0	1	2.00106e+09	2.00109e+09	2.00139e+09	2.00188e+09	0
226	1	1	2.00891e+09	2.00896e+09	2.00926e+09	2.00979e+09	0
227	1	2	2.01698e+09	2.01701e+09	2.01731e+09	2.01777e+09	1
228	0	1	2.0221e+09	2.02214e+09	2.02244e+09	2.02301e+09	1
229	0	1	2.03222e+09	2.03226e+09	2.03256e+09	2.03293e+09	1
230	0	2	2.03996e+09	2.04e+09	2.0403e+09	2.04066e+09	1
231	0	1	2.04859e+09	2.04864e+09	2.04894e+09	2.04929e+09	0
232	1	2	2.05912e+09	2.05917e+09	2.05947e+09	2.05999e+09	0
233	1	1	2.06767e+09	2.06771e+09	2.06801e+09	2.06887e+09	0
234	1	2	2.0767e+09	2.07674e+09	2.07704e+09	2.07759e+09	1
235	0	2	2.08214e+09	2.08218e+09	2.08248e+09	2.08269e+09	1
236	0	1	2.0844e+09	2.08443e+09	2.08473e+09	2.08562e+09	0
237	1	1	2.09756e+09	2.0976e+09	2.0979e+09	2.09809e+09	0
238	1	1	2.10971e+09	2.10974e+09	2.11004e+09	2.1115e+09	0
239	1	2	2.11753e+09	2.11757e+09	2.11787e+09	2.11791e+09	1
240	0	1	2.12346e+09	2.12349e+09	2.12379e+09	2.12552e+09	0
241	1	1	2.13904e+09	2.13908e+09	2.13938e+09	2.13949e+09	0
242	1	1	2.1461e+09	2.14613e+09	2.14643e+09	2.14753e+09	0
243	1	1	2.15868e+09	2.15871e+09	2.15901e+09	2.16328e+09	0
244	1	2	2.17037e+09	2.17041e+09	2.17071e+09	2.1745e+09	0
245	1	1	2.19086e+09	2.1909e+09	2.1912e+09	2.1928e+09	0
246	1	1	2.19883e+09	2.19888e+09	2.19918e+09	2.20076e+09	1
247	0	2	2.20296e+09	2.20301e+09	2.20331e+09	2.20357e+09	0
248	1	1	2.20959e+09	2.20962e+09	2.20992e+09	2.21036e+09	1
249	0	1	2.21593e+09	2.21597e+09	2.21627e+09	2.21705e+09	0
250	1	1	2.22633e+09	2.22637e+09	2.22667e+09	2.22807e+09	0
251	1	2	2.23578e+09	2.23582e+09	2.23612e+09	2.23619e+09	1
252	0	1	2.24123e+09	2.24128e+09	2.24158e+09	2.24167e+09	0
253	1	1	2.25193e+09	2.25196e+09	2.25226e+09	2.25428e+09	0
254	1	1	2.26497e+09	2.26501e+09	2.26531e+09	2.26559e+09	0
255	1	1	2.2731e+09	2.27314e+09	2.27344e+09	2.28583e+09	1
256	0	2	2.28791e+09	2.28796e+09	2.28826e+09	2.28907e+09	1
257	0	1	2.30111e+09	2.30115e+09	2.30145e+09	2.30242e+09	0
258	1	2	2.30915e+09	2.30919e+09	2.30949e+09	2.31115e+09	1
259	0	2	2.31535e+09	2.31538e+09	2.31568e+09	2.3163e+09	1
260	0	1	2.32843e+09	2.32848e+09	2.32878e+09	2.33093e+09	0
261	1	2	2.33695e+09	2.337e+09	2.3373e+09	2.33847e+09	1
262	0	1	2.34408e+09	2.34412e+09	2.34442e+09	2.34891e+09	0
263	1	2	2.35827e+09	2.3583e+09	2.3586e+09	2.36073e+09	1
264	0	2	2.37041e+09	2.37045e+09	2.37075e+09	2.37115e+09	1
265	0	2	2.37714e+09	2.37717e+09	2.37747e+09	2.37795e+09	1
266	0	1	2.37959e+09	2.37963e+09	2.37993e+09	2.38278e+09	0
267	1	2	2.3912e+09	2.39124e+09	2.39154e+09	2.39184e+09	0
268	1	2	2.39794e+09	2.39798e+09	2.39828e+09	2.39835e+09	1
269	0	2	2.4069e+09	2.40694e+09	2.40724e+09	2.40767e+09	1
270	0	1	2.41361e+09	2.41365e+09	2.41395e+09	2.41435e+09	0
271	1	2	2.42175e+09	2.4218e+09	2.4221e+09	2.42286e+09	0
272	1	1	2.42888e+09	2.42891e+09	2.42922e+09	2.42929e+09	1
273	0	2	2.43246e+09	2.4325e+09	2.4328e+09	2.43289e+09	1
274	0	1	2.4348e+09	2.43485e+09	2.43515e+09	2.43546e+09	1
275	0	1	2.43663e+09	2.43667e+09	2.43697e+09	2.4384e+09	0
276	1	1	2.44849e+09	2.44854e+09	2.44884e+09	2.44944e+09	0
277	1	2	2.45545e+09	2.45549e+09	2.45579e+09	2.45716e+09	1
278	0	1	2.45903e+09	2.45907e+09	2.45937e+09	2.46041e+09	0
279	1	1	2.46761e+09	2.46765e+09	2.46795e+09	2.46886e+09	1
280	0	1	2.47056e+09	2.47059e+09	2.47089e+09	2.47256e+09	0
281	1	2	2.47857e+09	2.47861e+09	2.47891e+09	2.47947e+09	0
282	1	2	2.48675e+09	2.48679e+09	2.48709e+09	2.48803e+09	1
283	0	1	2.49429e+09	2.49433e+09	2.49463e+09	2.49493e+09	0
284	1	2	2.50225e+09	2.50229e+09	2.50259e+09	2.50295e+09	1
285	0	2	2.50936e+09	2.5094e+09	2.5097e+09	2.50981e+09	1
286	0	2	2.51423e+09	2.51427e+09	2.51457e+09	2.51506e+09	1
287	0	1	2.51682e+09	2.51687e+09	2.51717e+09	2.51786e+09	0
288	1	2	2.52485e+09	2.5249e+09	2.5252e+09	2.52541e+09	0
289	1	2	2.53476e+09	2.5348e+09	2.5351e+09	2.53772e+09	1
290	0	2	2.55064e+09	2.55068e+09	2.55098e+09	2.55145e+09	1
291	0	2	2.55459e+09	2.55462e+09	2.55492e+09	2.55497e+09	1
292	0	2	2.56617e+09	2.5662e+09	2.5665e+09	2.56721e+09	0
293	1	1	2.57528e+09	2.57532e+09	2.57562e+09	2.57622e+09	0
294	1	1	2.58297e+09	2.583e+09	2.5833e+09	2.58338e+09	0
295	1	2	2.58939e+09	2.58943e+09	2.58973e+09	2.59034e+09	1
296	0	2	2.59212e+09	2.59217e+09	2.59247e+09	2.59307e+09	1
297	0	2	2.60752e+09	2.60757e+09	2.60787e+09	2.6099e+09	0
298	1	2	2.62124e+09	2.62128e+09	2.62158e+09	2.62307e+09	0
299	1	2	2.63304e+09	2.63307e+09	2.63337e+09	2.6343e+09	1
300	0	1	2.63782e+09	2.63786e+09	2.63816e+09	2.6384e+09	0
301	1	1	2.64486e+09	2.6449e+09	2.6452e+09	2.64597e+09	0
302	1	2	2.65229e+09	2.65232e+09	2.65262e+09	2.65312e+09	1
303	0	1	2.65866e+09	2.65871e+09	2.65901e+09	2.65911e+09	0
304	1	2	2.66735e+09	2.66739e+09	2.66769e+09	2.66861e+09	0
305	1	1	2.67552e+09	2.67556e+09	2.67586e+09	2.67636e+09	0
306	1	1	2.68264e+09	2.68268e+09	2.68298e+09	2.68314e+09	0
307	1	1	2.69173e+09	2.69177e+09	2.69207e+09	2.69369e+09	0
308	1	1	2.70134e+09	2.70139e+09	2.70169e+09	2.70756e+09	0
309	1	1	2.71422e+09	2.71426e+09	2.71456e+09	2.71529e+09	0
310	1	2	2.7226e+09	2.72264e+09	2.72294e+09	2.72869e+09	1
311	0	2	2.73024e+09	2.73028e+09	2.73058e+09	2.73189e+09	0
312	1	1	2.74245e+09	2.74249e+09	2.74279e+09	2.74659e+09	0
313	1	2	2.75495e+09	2.75499e+09	2.75529e+09	2.7612e+09	1
314	0	2	2.76608e+09	2.76611e+09	2.76641e+09	2.76655e+09	1
315	0	1	2.77607e+09	2.77611e+09	2.77641e+09	2.77661e+09	1
316	0	1	2.79455e+09	2.7946e+09	2.7949e+09	2.79624e+09	0
317	1	1	2.81239e+09	2.81242e+09	2.81272e+09	2.81293e+09	0
318	1	2	2.81929e+09	2.81934e+09	2.81964e+09	2.82002e+09	1
319	0	1	2.82491e+09	2.82494e+09	2.82524e+09	2.82592e+09	0
320	1	1	2.8327e+09	2.83274e+09	2.83304e+09	2.83595e+09	0
321	1	1	2.84278e+09	2.84282e+09	2.84312e+09	2.84359e+09	0
322	1	2	2.85048e+09	2.85052e+09	2.85082e+09	2.851e+09	1
323	0	2	2.85251e+09	2.85255e+09	2.85285e+09	2.85321e+09	0
324	1	2	2.85924e+09	2.85929e+09	2.85959e+09	2.8597e+09	1
325	0	1	2.8662e+09	2.86623e+09	2.86654e+09	2.86713e+09	0
326	1	1	2.87421e+09	2.87426e+09	2.87456e+09	2.87487e+09	0
327	1	1	2.88141e+09	2.88144e+09	2.88174e+09	2.8854e+09	0
328	1	2	2.89203e+09	2.89208e+09	2.89238e+09	2.89244e+09	1
329	0	1	2.89703e+09	2.89707e+09	2.89737e+09	2.89777e+09	1
330	0	1	2.89904e+09	2.89907e+09	2.89937e+09	2.89997e+09	0
331	1	2	2.90685e+09	2.90688e+09	2.90718e+09	2.91136e+09	1
332	0	1	2.91439e+09	2.91443e+09	2.91473e+09	2.91505e+09	0
333	1	2	2.92108e+09	2.92113e+09	2.92143e+09	2.92158e+09	1
334	0	2	2.92326e+09	2.9233e+09	2.9236e+09	2.92426e+09	0
335	1	1	2.9304e+09	2.93044e+09	2.93074e+09	2.93085e+09	0
336	1	2	2.93722e+09	2.93726e+09	2.93756e+09	2.93775e+09	1
337	0	1	2.93929e+09	2.93932e+09	2.93962e+09	2.94047e+09	1
338	0	1	2.94722e+09	2.94726e+09	2.94756e+09	2.94762e+09	0
339	1	1	2.95365e+09	2.95369e+09	2.95399e+09	2.95422e+09	0
340	1	1	2.96024e+09	2.96028e+09	2.96058e+09	2.96179e+09	1
341	0	2	2.96547e+09	2.9655e+09	2.9658e+09	2.96676e+09	0
342	1	2	2.9734e+09	2.97344e+09	2.97374e+09	2.97393e+09	1
343	0	2	2.97545e+09	2.97548e+09	2.97578e+09	2.97632e+09	0
344	1	1	2.98235e+09	2.98239e+09	2.98269e+09	2.98298e+09	1
345	0	2	2.98469e+09	2.98473e+09	2.98503e+09	2.98535e+09	1
346	0	1	2.99549e+09	2.99553e+09	2.99583e+09	2.9998e+09	0
347	1	2	3.00727e+09	3.00731e+09	3.00761e+09	3.00866e+09	1
348	0	1	3.01891e+09	3.01895e+09	3.01925e+09	3.0201e+09	1
349	0	1	3.0307e+09	3.03074e+09	3.03104e+09	3.03369e+09	0
350	1	1	3.04215e+09	3.04218e+09	3.04248e+09	3.04401e+09	0
351	1	1	3.05245e+09	3.05249e+09	3.05279e+09	3.05482e+09	0
352	1	1	3.06331e+09	3.06334e+09	3.06364e+09	3.06377e+09	0
353	1	2	3.06978e+09	3.06982e+09	3.07012e+09	3.07223e+09	0
354	1	1	3.07931e+09	3.07935e+09	3.07965e+09	3.08006e+09	1
355	0	2	3.08673e+09	3.08677e+09	3.08707e+09	3.08712e+09	1
356	0	1	3.09315e+09	3.09319e+09	3.09349e+09	3.09354e+09	0
357	1	1	3.10127e+09	3.10131e+09	3.10161e+09	3.10175e+09	1
358	0	2	3.10862e+09	3.10866e+09	3.10896e+09	3.10928e+09	1
359	0	1	3.11614e+09	3.11619e+09	3.11649e+09	3.11708e+09	0
360	1	2	3.12314e+09	3.12318e+09	3.12348e+09	3.12728e+09	0
361	1	1	3.1345e+09	3.13455e+09	3.13485e+09	3.1376e+09	0
362	1	1	3.14496e+09	3.145e+09	3.1453e+09	3.1468e+09	0
363	1	1	3.15294e+09	3.15298e+09	3.15328e+09	3.15747e+09	0
364	1	2	3.16561e+09	3.16564e+09	3.16594e+09	3.16841e+09	1
365	0	2	3.17245e+09	3.17248e+09	3.17278e+09	3.17328e+09	1
366	0	1	3.17536e+09	3.1754e+09	3.1757e+09	3.17697e+09	0
367	1	1	3.1842e+09	3.18424e+09	3.18454e+09	3.18641e+09	0
368	1	1	3.19242e+09	3.19246e+09	3.19276e+09	3.19584e+09	0
369	1	2	3.20213e+09	3.20218e+09	3.20248e+09	3.20437e+09	1
370	0	2	3.206e+09	3.20604e+09	3.20634e+09	3.2067e+09	0
371	1	2	3.21273e+09	3.21277e+09	3.21307e+09	3.21323e+09	1
372	0	1	3.21478e+09	3.21481e+09	3.21511e+09	3.21638e+09	0
373	1	2	3.2224e+09	3.22244e+09	3.22274e+09	3.22314e+09	1
374	0	2	3.22482e+09	3.22486e+09	3.22516e+09	3.22725e+09	1
375	0	1	3.23283e+09	3.23287e+09	3.23317e+09	3.23347e+09	0
376	1	2	3.24096e+09	3.241e+09	3.2413e+09	3.2415e+09	1
377	0	1	3.24299e+09	3.24302e+09	3.24332e+09	3.24371e+09	1
378	0	2	3.24983e+09	3.24987e+09	3.25017e+09	3.25058e+09	1
379	0	1	3.25534e+09	3.25538e+09	3.25568e+09	3.25581e+09	0
380	1	2	3.26321e+09	3.26325e+09	3.26355e+09	3.26627e+09	1
381	0	1	3.26975e+09	3.26979e+09	3.27009e+09	3.27061e+09	1
382	0	2	3.27226e+09	3.2723e+09	3.2726e+09	3.27383e+09	1
383	0	1	3.28025e+09	3.28029e+09	3.28059e+09	3.281e+09	0
384	1	1	3.28771e+09	3.28775e+09	3.28805e+09	3.28903e+09	0
385	1	1	3.29798e+09	3.29801e+09	3.29831e+09	3.29851e+09	0
386	1	2	3.30454e+09	3.30459e+09	3.30489e+09	3.31078e+09	1
387	0	2	3.31238e+09	3.31241e+09	3.31271e+09	3.31361e+09	1
388	0	2	3.31555e+09	3.31559e+09	3.31589e+09	3.31653e+09	1
389	0	1	3.32511e+09	3.32515e+09	3.32545e+09	3.32583e+09	0
390	1	1	3.33321e+09	3.33325e+09	3.33355e+09	3.3348e+09	0
391	1	2	3.34237e+09	3.34241e+09	3.34271e+09	3.35162e+09	0
392	1	2	3.35764e+09	3.35768e+09	3.35798e+09	3.35806e+09	1
393	0	2	3.36256e+09	3.3626e+09	3.3629e+09	3.36305e+09	1
394	0	2	3.36468e+09	3.36472e+09	3.36502e+09	3.36521e+09	1
395	0	1	3.37222e+09	3.37226e+09	3.37256e+09	3.37711e+09	0
396	1	1	3.38313e+09	3.38316e+09	3.38346e+09	3.38488e+09	0
397	1	1	3.39301e+09	3.39305e+09	3.39335e+09	3.39494e+09	0
398	1	1	3.40096e+09	3.401e+09	3.4013e+09	3.4073e+09	0
399	1	2	3.4134e+09	3.41344e+09	3.41374e+09	3.41409e+09	1
400	0	1	3.42028e+09	3.42032e+09	3.42062e+09	3.43876e+09	0
401	1	2	3.44526e+09	3.4453e+09	3.4456e+09	3.44965e+09	1
402	0	1	3.45509e+09	3.45512e+09	3.45542e+09	3.45771e+09	0
403	1	1	3.46374e+09	3.46379e+09	3.46409e+09	3.48148e+09	0
404	1	2	3.4875e+09	3.48754e+09	3.48784e+09	3.51724e+09	1
405	0	1	3.52442e+09	3.52446e+09	3.52476e+09	3.52937e+09	0
406	1	1	3.53539e+09	3.53542e+09	3.53572e+09	3.54731e+09	0
407	1	1	3.55334e+09	3.55338e+09	3.55368e+09	3.55784e+09	0
408	1	1	3.56387e+09	3.56391e+09	3.56421e+09	3.56622e+09	0
409	1	1	3.57224e+09	3.57229e+09	3.57259e+09	3.59052e+09	0
410	1	2	3.59653e+09	3.59657e+09	3.59687e+09	3.60383e+09	1
411	0	1	3.6085e+09	3.60854e+09	3.60884e+09	3.61528e+09	0
412	1	2	3.62132e+09	3.62136e+09	3.62166e+09	3.62397e+09	1
413	0	1	3.62598e+09	3.62602e+09	3.62632e+09	3.63156e+09	0
414	1	2	3.63758e+09	3.63762e+09	3.63792e+09	3.65801e+09	1
415	0	1	3.65995e+09	3.65999e+09	3.66029e+09	3.66103e+09	0
416	1	2	3.66855e+09	3.66858e+09	3.66888e+09	3.67093e+09	1
417	0	2	3.67281e+09	3.67284e+09	3.67314e+09	3.67343e+09	1
418	0	2	3.67792e+09	3.67796e+09	3.67826e+09	3.6796e+09	1
419	0	2	3.68372e+09	3.68376e+09	3.68406e+09	3.68413e+09	1
420	0	1	3.69448e+09	3.69452e+09	3.69482e+09	3.69523e+09	0
421	1	1	3.70604e+09	3.70608e+09	3.70638e+09	3.70945e+09	0
422	1	1	3.71546e+09	3.7155e+09	3.71581e+09	3.71803e+09	0
423	1	1	3.72404e+09	3.72408e+09	3.72438e+09	3.72467e+09	1
424	0	1	3.72612e+09	3.72615e+09	3.72645e+09	3.72681e+09	0
425	1	2	3.73284e+09	3.73288e+09	3.73318e+09	3.73515e+09	0
426	1	2	3.74149e+09	3.74153e+09	3.74183e+09	3.75689e+09	1
427	0	1	3.76042e+09	3.76045e+09	3.76075e+09	3.76487e+09	0
428	1	2	3.77088e+09	3.77092e+09	3.77122e+09	3.78368e+09	1
429	0	2	3.78546e+09	3.7855e+09	3.7858e+09	3.78675e+09	1
430	0	1	3.78854e+09	3.78858e+09	3.78888e+09	3.79021e+09	1
431	0	2	3.79236e+09	3.79241e+09	3.79271e+09	3.79383e+09	1
432	0	1	3.79631e+09	3.79634e+09	3.79664e+09	3.79778e+09	0
433	1	1	3.8038e+09	3.80384e+09	3.80414e+09	3.80481e+09	0
434	1	2	3.81083e+09	3.81086e+09	3.81116e+09	3.81618e+09	1
435	0	2	3.81866e+09	3.81869e+09	3.81899e+09	3.8207e+09	0
436	1	1	3.82754e+09	3.82757e+09	3.82787e+09	3.8325e+09	0
437	1	2	3.83852e+09	3.83855e+09	3.83885e+09	3.85125e+09	1
438	0	1	3.85307e+09	3.85312e+09	3.85342e+09	3.85555e+09	0
439	1	1	3.86156e+09	3.8616e+09	3.8619e+09	3.86933e+09	0
440	1	2	3.87535e+09	3.87539e+09	3.87569e+09	3.87715e+09	0
441	1	2	3.88317e+09	3.88321e+09	3.88351e+09	3.88564e+09	1
442	0	2	3.88754e+09	3.88757e+09	3.88787e+09	3.88966e+09	1
443	0	2	3.89769e+09	3.89774e+09	3.89804e+09	3.8996e+09	1
444	0	1	3.90148e+09	3.90152e+09	3.90182e+09	3.90253e+09	1
445	0	2	3.90473e+09	3.90477e+09	3.90507e+09	3.90558e+09	0
446	1	2	3.91352e+09	3.91356e+09	3.91386e+09	3.91481e+09	1
447	0	2	3.91673e+09	3.91676e+09	3.91706e+09	3.91723e+09	1
448	0	1	3.92104e+09	3.92107e+09	3.92137e+09	3.92234e+09	0
449	1	1	3.93092e+09	3.93097e+09	3.93127e+09	3.93638e+09	1
450	0	1	3.93779e+09	3.93783e+09	3.93813e+09	3.93988e+09	1
451	0	1	3.94572e+09	3.94577e+09	3.94607e+09	3.94837e+09	1
452	0	2	3.94953e+09	3.94958e+09	3.94988e+09	3.95177e+09	1
453	0	2	3.95637e+09	3.9564e+09	3.9567e+09	3.95676e+09	1
454	0	1	3.96061e+09	3.96065e+09	3.96095e+09	3.9616e+09	0
455	1	2	3.96917e+09	3.96921e+09	3.96951e+09	3.96955e+09	1
456	0	2	3.97273e+09	3.97276e+09	3.97306e+09	3.97311e+09	1
457	0	1	3.97764e+09	3.97768e+09	3.97798e+09	3.97919e+09	1
458	0	2	3.98028e+09	3.98032e+09	3.98062e+09	3.98266e+09	0
459	1	2	3.9905e+09	3.99054e+09	3.99084e+09	3.99137e+09	1
460	0	1	3.9929e+09	3.99295e+09	3.99325e+09	3.99619e+09	0
461	1	1	4.00379e+09	4.00383e+09	4.00413e+09	4.00545e+09	1
462	0	2	4.00663e+09	4.00666e+09	4.00696e+09	4.00789e+09	1
463	0	2	4.01156e+09	4.0116e+09	4.0119e+09	4.01202e+09	0
464	1	2	4.01976e+09	4.0198e+09	4.0201e+09	4.02227e+09	1
465	0	1	4.02393e+09	4.02397e+09	4.02427e+09	4.02438e+09	0
466	1	2	4.03039e+09	4.03043e+09	4.03073e+09	4.03125e+09	1
467	0	2	4.03496e+09	4.035e+09	4.0353e+09	4.04394e+09	1
468	0	2	4.04766e+09	4.04771e+09	4.04801e+09	4.0525e+09	1
469	0	2	4.05416e+09	4.0542e+09	4.0545e+09	4.05478e+09	1
470	0	1	4.05771e+09	4.05776e+09	4.05806e+09	4.06516e+09	0
471	1	1	4.07207e+09	4.07211e+09	4.07241e+09	4.07839e+09	0
472	1	2	4.0844e+09	4.08444e+09	4.08474e+09	4.08685e+09	0
473	1	2	4.09596e+09	4.096e+09	4.0963e+09	4.10283e+09	1
474	0	1	4.10624e+09	4.10628e+09	4.10658e+09	4.1172e+09	0
475	1	2	4.12322e+09	4.12326e+09	4.12356e+09	4.12694e+09	1
476	0	1	4.13043e+09	4.13047e+09	4.13077e+09	4.13639e+09	0
477	1	2	4.14242e+09	4.14247e+09	4.14277e+09	4.148e+09	1
478	0	2	4.15403e+09	4.15407e+09	4.15437e+09	4.17119e+09	1
479	0	1	4.17344e+09	4.17348e+09	4.17378e+09	4.1743e+09	0
480	1	1	4.18033e+09	4.18037e+09	4.18067e+09	4.2286e+09	0
481	1	1	4.23462e+09	4.23466e+09	4.23496e+09	4.26125e+09	0
482	1	1	4.26726e+09	4.2673e+09	4.2676e+09	4.27506e+09	0
483	1	1	4.28109e+09	4.28113e+09	4.28143e+09	4.29046e+09	0
484	1	1	1.52372e+06	1.56993e+06	1.87018e+06	2.57356e+06	0
485	1	2	8.59342e+06	8.63967e+06	8.9399e+06	1.08719e+07	1
486	0	2	1.5742e+07	1.57828e+07	1.6083e+07	2.70714e+07	1
487	0	1	3.21372e+07	3.21827e+07	3.2483e+07	3.68721e+07	0
488	1	2	4.28923e+07	4.29315e+07	4.32317e+07	5.26383e+07	1
489	0	2	5.45198e+07	5.45515e+07	5.48518e+07	5.63083e+07	1
490	0	1	5.78437e+07	5.78903e+07	5.81905e+07	6.11762e+07	0
491	1	1	6.71898e+07	6.72272e+07	6.75274e+07	6.82083e+07	0
492	1	1	7.42267e+07	7.42635e+07	7.45638e+07	8.66817e+07	0
493	1	2	9.26935e+07	9.27318e+07	9.30321e+07	1.01654e+08	1
494	0	1	1.02983e+08	1.03022e+08	1.03322e+08	1.03342e+08	0
495	1	1	1.09363e+08	1.094e+08	1.097e+08	1.15193e+08	0
496	1	1	1.21205e+08	1.21243e+08	1.21543e+08	1.27316e+08	0
497	1	1	1.3333e+08	1.33367e+08	1.33668e+08	1.34327e+08	0
498	1	2	1.40347e+08	1.40385e+08	1.40685e+08	1.4278e+08	0
499	1	1	1.48811e+08	1.48856e+08	1.49156e+08	1.56613e+08	0
500	1	1	1.62628e+08	1.62663e+08	1.62963e+08	1.66857e+08	0
501	1	2	1.72869e+08	1.72906e+08	1.73206e+08	1.74327e+08	1
502	0	2	1.783e+08	1.78339e+08	1.78639e+08	1.89041e+08	0