
001	0	1	5.74363e+06	5.78264e+06	6.08422e+06	6.18882e+06	1
002	0	1	2.97738e+07	2.98087e+07	3.01089e+07	3.01661e+07	1
003	0	2	6.28521e+07	6.28914e+07	6.31916e+07	6.32352e+07	1
004	0	2	8.56484e+07	8.56818e+07	8.5982e+07	8.63342e+07	1
005	0	2	9.67905e+07	9.68294e+07	9.71297e+07	9.7151e+07	1
006	0	1	1.10499e+08	1.10543e+08	1.10843e+08	1.1087e+08	1
007	0	2	1.287e+08	1.28735e+08	1.29035e+08	1.29067e+08	1
008	0	1	1.43482e+08	1.43524e+08	1.43825e+08	1.43984e+08	0
009	1	1	1.5555e+08	1.55589e+08	1.55889e+08	1.56494e+08	0
010	1	1	1.66158e+08	1.66208e+08	1.66508e+08	1.6671e+08	0
011	1	1	1.7907e+08	1.79113e+08	1.79413e+08	1.79492e+08	1
012	0	2	1.81209e+08	1.81246e+08	1.81546e+08	1.82629e+08	0
013	1	2	1.89156e+08	1.89201e+08	1.89502e+08	1.89611e+08	1
014	0	1	1.93342e+08	1.93385e+08	1.93685e+08	1.95589e+08	0
015	1	1	2.10118e+08	2.10151e+08	2.10452e+08	2.10463e+08	0
016	1	1	2.22022e+08	2.2206e+08	2.2236e+08	2.22406e+08	0
017	1	1	2.35592e+08	2.35627e+08	2.35927e+08	2.36084e+08	1
018	0	2	2.51928e+08	2.51969e+08	2.52269e+08	2.5369e+08	0
019	1	2	2.63313e+08	2.63353e+08	2.63653e+08	2.64125e+08	1
020	0	2	2.65695e+08	2.65732e+08	2.66033e+08	2.69312e+08	0
021	1	2	2.81519e+08	2.81554e+08	2.81855e+08	2.8201e+08	1
022	0	1	2.90788e+08	2.90826e+08	2.91126e+08	2.91139e+08	1
023	0	1	3.2059e+08	3.20631e+08	3.20931e+08	3.20951e+08	0
024	1	1	3.40724e+08	3.40759e+08	3.4106e+08	3.41223e+08	1
025	0	1	3.46911e+08	3.46958e+08	3.47258e+08	3.49065e+08	0
026	1	1	3.63263e+08	3.63307e+08	3.63607e+08	3.63649e+08	1
027	0	1	3.71513e+08	3.71547e+08	3.71847e+08	3.72575e+08	1
028	0	1	3.79861e+08	3.79906e+08	3.80206e+08	3.80277e+08	0
029	1	1	3.86914e+08	3.8695e+08	3.8725e+08	3.8732e+08	1
030	0	1	3.98986e+08	3.99017e+08	3.99317e+08	3.99514e+08	0
031	1	1	4.06045e+08	4.06091e+08	4.06391e+08	4.0641e+08	0
032	1	1	4.12984e+08	4.13024e+08	4.13325e+08	4.14263e+08	1
033	0	1	4.22882e+08	4.2292e+08	4.23221e+08	4.23494e+08	1
034	0	2	4.30392e+08	4.3043e+08	4.30731e+08	4.30913e+08	1
035	0	1	4.4131e+08	4.4135e+08	4.4165e+08	4.43784e+08	0
036	1	1	4.57921e+08	4.57966e+08	4.58266e+08	4.58341e+08	0
037	1	1	4.67243e+08	4.67281e+08	4.67582e+08	4.67837e+08	0
038	1	1	4.74872e+08	4.74914e+08	4.75214e+08	4.76567e+08	1
039	0	2	4.78169e+08	4.78213e+08	4.78513e+08	4.78681e+08	1
040	0	1	4.86307e+08	4.86355e+08	4.86656e+08	4.87779e+08	1
041	0	1	4.98902e+08	4.98935e+08	4.99235e+08	5.01783e+08	1
042	0	2	5.17374e+08	5.17408e+08	5.17709e+08	5.17912e+08	1
043	0	1	5.30422e+08	5.30468e+08	5.30769e+08	5.30829e+08	0
044	1	1	5.40586e+08	5.40628e+08	5.40929e+08	5.41046e+08	0
045	1	1	5.49865e+08	5.49904e+08	5.50204e+08	5.51896e+08	0
046	1	1	5.65624e+08	5.65655e+08	5.65956e+08	5.67181e+08	1
047	0	1	5.68822e+08	5.68869e+08	5.69169e+08	5.71604e+08	0
048	1	1	5.79569e+08	5.79601e+08	5.79901e+08	5.79923e+08	1
049	0	1	5.8157e+08	5.81611e+08	5.81911e+08	5.82016e+08	0
050	1	1	5.89919e+08	5.89967e+08	5.90267e+08	5.90284e+08	0
051	1	1	5.98777e+08	5.98821e+08	5.99121e+08	5.99411e+08	0
052	1	1	6.0681e+08	6.06844e+08	6.07145e+08	6.07216e+08	0
053	1	1	6.20416e+08	6.20455e+08	6.20756e+08	6.20778e+08	0
054	1	1	6.3306e+08	6.33104e+08	6.33405e+08	6.33493e+08	1
055	0	2	6.45566e+08	6.45608e+08	6.45908e+08	6.46633e+08	0
056	1	2	6.59567e+08	6.59612e+08	6.59913e+08	6.60302e+08	1
057	0	1	6.62055e+08	6.62088e+08	6.62388e+08	6.62702e+08	0
058	1	1	6.78907e+08	6.78941e+08	6.79241e+08	6.79313e+08	0
059	1	1	6.9216e+08	6.92195e+08	6.92495e+08	6.92518e+08	0
060	1	1	7.07388e+08	7.0742e+08	7.0772e+08	7.12368e+08	1
061	0	1	7.239e+08	7.23943e+08	7.24243e+08	7.26095e+08	1
062	0	2	7.29105e+08	7.29143e+08	7.29443e+08	7.2953e+08	1
063	0	1	7.37239e+08	7.37271e+08	7.37571e+08	7.37584e+08	0
064	1	1	7.44424e+08	7.44474e+08	7.44774e+08	7.4722e+08	0
065	1	1	7.59158e+08	7.59199e+08	7.59499e+08	7.60704e+08	0
066	1	1	7.72186e+08	7.72223e+08	7.72523e+08	7.72684e+08	1
067	0	2	7.77175e+08	7.77218e+08	7.77518e+08	7.77548e+08	1
068	0	2	7.8852e+08	7.88555e+08	7.88855e+08	7.88872e+08	1
069	0	2	7.93642e+08	7.93688e+08	7.93989e+08	7.94057e+08	1
070	0	1	7.99623e+08	7.99654e+08	7.99955e+08	7.99973e+08	0
071	1	1	8.11619e+08	8.11659e+08	8.11959e+08	8.14227e+08	0
072	1	1	8.20762e+08	8.20806e+08	8.21106e+08	8.2117e+08	1
073	0	2	8.30985e+08	8.31022e+08	8.31323e+08	8.31354e+08	1
074	0	1	8.57949e+08	8.57983e+08	8.58283e+08	8.58379e+08	0
075	1	1	8.75465e+08	8.75498e+08	8.75798e+08	8.75883e+08	0
076	1	1	8.824e+08	8.8244e+08	8.8274e+08	8.84092e+08	1
077	0	2	9.00417e+08	9.00449e+08	9.00749e+08	9.00762e+08	1
078	0	2	9.05183e+08	9.05217e+08	9.05517e+08	9.05678e+08	1
079	0	2	9.13952e+08	9.13992e+08	9.14292e+08	9.14462e+08	1
080	0	2	9.29389e+08	9.29422e+08	9.29722e+08	9.29887e+08	1
081	0	1	9.34515e+08	9.34556e+08	9.34857e+08	9.38818e+08	1
082	0	2	9.48494e+08	9.48536e+08	9.48836e+08	9.48854e+08	1
083	0	1	9.61443e+08	9.61478e+08	9.61778e+08	9.6179e+08	0
084	1	1	9.69587e+08	9.69622e+08	9.69922e+08	9.69983e+08	0
085	1	1	9.779e+08	9.77941e+08	9.78241e+08	9.78575e+08	1
086	0	1	9.84722e+08	9.84769e+08	9.85069e+08	9.85166e+08	0
087	1	1	9.92174e+08	9.92217e+08	9.92518e+08	9.9415e+08	1
088	0	2	1.00374e+09	1.00378e+09	1.00408e+09	1.00444e+09	1
089	0	2	1.0121e+09	1.01214e+09	1.01244e+09	1.01246e+09	1
090	0	1	1.02363e+09	1.02366e+09	1.02396e+09	1.024e+09	0
091	1	1	1.03052e+09	1.03056e+09	1.03086e+09	1.03098e+09	0
092	1	1	1.03803e+09	1.03807e+09	1.03837e+09	1.0384e+09	0
093	1	1	1.05424e+09	1.05428e+09	1.05458e+09	1.05792e+09	0
094	1	1	1.06612e+09	1.06617e+09	1.06647e+09	1.06817e+09	1
095	0	2	1.06983e+09	1.06987e+09	1.07017e+09	1.07033e+09	1
096	0	1	1.08052e+09	1.08056e+09	1.08086e+09	1.08311e+09	0
097	1	1	1.09783e+09	1.09787e+09	1.09817e+09	1.09821e+09	0
098	1	1	1.10823e+09	1.10827e+09	1.10857e+09	1.10863e+09	0
099	1	1	1.11572e+09	1.11577e+09	1.11607e+09	1.11609e+09	0
100	1	1	1.12273e+09	1.12277e+09	1.12307e+09	1.12316e+09	0
101	1	1	1.13215e+09	1.13219e+09	1.13249e+09	1.13263e+09	1
102	0	2	1.1444e+09	1.14444e+09	1.14474e+09	1.14482e+09	1
103	0	1	1.15134e+09	1.15137e+09	1.15168e+09	1.15186e+09	0
104	1	1	1.15894e+09	1.15899e+09	1.15929e+09	1.16354e+09	1
105	0	2	1.16776e+09	1.1678e+09	1.1681e+09	1.16827e+09	1
106	0	1	1.17515e+09	1.17519e+09	1.17549e+09	1.1759e+09	0
107	1	1	1.18901e+09	1.18904e+09	1.18934e+09	1.18991e+09	1
108	0	2	1.1915e+09	1.19154e+09	1.19184e+09	1.19329e+09	0
109	1	2	1.20592e+09	1.20596e+09	1.20626e+09	1.20637e+09	1
110	0	2	1.2247e+09	1.22474e+09	1.22504e+09	1.22517e+09	1
111	0	1	1.23734e+09	1.23738e+09	1.23768e+09	1.23773e+09	0
112	1	1	1.24424e+09	1.24428e+09	1.24458e+09	1.24461e+09	0
113	1	1	1.25217e+09	1.25221e+09	1.25251e+09	1.25253e+09	0
114	1	1	1.26357e+09	1.26362e+09	1.26392e+09	1.26395e+09	0
115	1	1	1.27358e+09	1.27361e+09	1.27391e+09	1.27559e+09	0
116	1	1	1.2822e+09	1.28224e+09	1.28254e+09	1.2826e+09	0
117	1	1	1.28946e+09	1.28951e+09	1.28981e+09	1.29e+09	0
118	1	1	1.29843e+09	1.29848e+09	1.29878e+09	1.29899e+09	1
119	0	2	1.30646e+09	1.3065e+09	1.3068e+09	1.30681e+09	1
120	0	2	1.31851e+09	1.31855e+09	1.31886e+09	1.31905e+09	1
121	0	1	1.32419e+09	1.32423e+09	1.32453e+09	1.3248e+09	0
122	1	1	1.33252e+09	1.33256e+09	1.33286e+09	1.33373e+09	0
123	1	1	1.3485e+09	1.34855e+09	1.34885e+09	1.34911e+09	0
124	1	1	1.35807e+09	1.35812e+09	1.35842e+09	1.35858e+09	1
125	0	1	1.3605e+09	1.36055e+09	1.36085e+09	1.36108e+09	0
126	1	1	1.37112e+09	1.37116e+09	1.37146e+09	1.37347e+09	0
127	1	1	1.38518e+09	1.38522e+09	1.38552e+09	1.38553e+09	0
128	1	1	1.3927e+09	1.39275e+09	1.39305e+09	1.39307e+09	0
129	1	1	1.40563e+09	1.40567e+09	1.40597e+09	1.40599e+09	0
130	1	1	1.41493e+09	1.41497e+09	1.41527e+09	1.4153e+09	0
131	1	1	1.42327e+09	1.42332e+09	1.42362e+09	1.42401e+09	1
132	0	1	1.42775e+09	1.42778e+09	1.42808e+09	1.42813e+09	0
133	1	1	1.4365e+09	1.43653e+09	1.43683e+09	1.43696e+09	1
134	0	1	1.43981e+09	1.43985e+09	1.44015e+09	1.44016e+09	0
135	1	1	1.44686e+09	1.44689e+09	1.44719e+09	1.45055e+09	0
136	1	1	1.45706e+09	1.4571e+09	1.4574e+09	1.45744e+09	0
137	1	1	1.48443e+09	1.48448e+09	1.48478e+09	1.4848e+09	0
138	1	1	1.49619e+09	1.49624e+09	1.49654e+09	1.49956e+09	1
139	0	1	1.5014e+09	1.50143e+09	1.50173e+09	1.50227e+09	0
140	1	1	1.51144e+09	1.51148e+09	1.51178e+09	1.51189e+09	0
141	1	1	1.52022e+09	1.52027e+09	1.52057e+09	1.52058e+09	0
142	1	1	1.52755e+09	1.52758e+09	1.52788e+09	1.52804e+09	0
143	1	1	1.53701e+09	1.53705e+09	1.53735e+09	1.53743e+09	0
144	1	1	1.54656e+09	1.5466e+09	1.5469e+09	1.547e+09	0
145	1	1	1.55598e+09	1.55602e+09	1.55632e+09	1.55635e+09	0
146	1	1	1.56286e+09	1.5629e+09	1.5632e+09	1.56332e+09	0
147	1	1	1.56983e+09	1.56987e+09	1.57017e+09	1.57044e+09	1
148	0	2	1.57447e+09	1.57451e+09	1.57481e+09	1.57483e+09	1
149	0	1	1.58457e+09	1.58461e+09	1.58491e+09	1.58495e+09	0
150	1	1	1.59356e+09	1.59359e+09	1.59389e+09	1.5939e+09	0
151	1	1	1.60042e+09	1.60046e+09	1.60076e+09	1.60265e+09	1
152	0	1	1.62572e+09	1.62576e+09	1.62606e+09	1.62609e+09	0
153	1	1	1.6396e+09	1.63963e+09	1.63993e+09	1.63995e+09	0
154	1	1	1.6494e+09	1.64944e+09	1.64974e+09	1.65154e+09	1
155	0	2	1.65711e+09	1.65715e+09	1.65745e+09	1.65764e+09	1
156	0	2	1.67813e+09	1.67816e+09	1.67846e+09	1.67848e+09	1
157	0	2	1.6857e+09	1.68574e+09	1.68605e+09	1.68606e+09	1
158	0	1	1.69623e+09	1.69628e+09	1.69658e+09	1.69672e+09	1
159	0	1	1.70785e+09	1.70789e+09	1.70819e+09	1.70821e+09	0
160	1	1	1.71525e+09	1.71529e+09	1.71559e+09	1.71561e+09	0
161	1	1	1.72988e+09	1.72992e+09	1.73022e+09	1.73061e+09	1
162	0	1	1.73231e+09	1.73234e+09	1.73264e+09	1.73266e+09	1
163	0	2	1.75164e+09	1.75168e+09	1.75198e+09	1.75199e+09	1
164	0	1	1.77351e+09	1.77355e+09	1.77385e+09	1.77391e+09	1
165	0	1	1.78755e+09	1.78759e+09	1.78789e+09	1.78809e+09	0
166	1	1	1.79669e+09	1.79673e+09	1.79703e+09	1.79705e+09	0
167	1	1	1.80859e+09	1.80863e+09	1.80893e+09	1.81221e+09	1
168	0	1	1.8192e+09	1.81924e+09	1.81954e+09	1.81957e+09	0
169	1	1	1.82716e+09	1.82721e+09	1.82751e+09	1.82756e+09	0
170	1	1	1.83586e+09	1.8359e+09	1.8362e+09	1.83633e+09	0
171	1	1	1.84744e+09	1.84747e+09	1.84777e+09	1.84779e+09	1
172	0	1	1.85762e+09	1.85766e+09	1.85796e+09	1.85809e+09	1
173	0	1	1.86887e+09	1.86891e+09	1.86921e+09	1.86924e+09	0
174	1	1	1.87576e+09	1.8758e+09	1.8761e+09	1.87614e+09	0
175	1	1	1.88563e+09	1.88568e+09	1.88598e+09	1.886e+09	0
176	1	1	1.89529e+09	1.89532e+09	1.89562e+09	1.89565e+09	0
177	1	1	1.90525e+09	1.90529e+09	1.90559e+09	1.90578e+09	1
178	0	2	1.91352e+09	1.91355e+09	1.91385e+09	1.91389e+09	1
179	0	1	1.92494e+09	1.92497e+09	1.92527e+09	1.92529e+09	0
180	1	1	1.9368e+09	1.93685e+09	1.93715e+09	1.93727e+09	0
181	1	1	1.94692e+09	1.94695e+09	1.94725e+09	1.94733e+09	0
182	1	1	1.95645e+09	1.95649e+09	1.95679e+09	1.95692e+09	1
183	0	1	1.96187e+09	1.96191e+09	1.96221e+09	1.9637e+09	0
184	1	1	1.97949e+09	1.97953e+09	1.97983e+09	1.98299e+09	1
185	0	2	1.98907e+09	1.98912e+09	1.98942e+09	1.98944e+09	1
186	0	1	1.99733e+09	1.99737e+09	1.99767e+09	1.99795e+09	0
187	1	1	2.01082e+09	2.01087e+09	2.01117e+09	2.01123e+09	0
188	1	1	2.02907e+09	2.02911e+09	2.02941e+09	2.03029e+09	1
189	0	1	2.04006e+09	2.04011e+09	2.04041e+09	2.0406e+09	1
190	0	1	2.04294e+09	2.04298e+09	2.04328e+09	2.04339e+09	0
191	1	1	2.04991e+09	2.04995e+09	2.05025e+09	2.05026e+09	0
192	1	1	2.05809e+09	2.05813e+09	2.05843e+09	2.06001e+09	1
193	0	1	2.0625e+09	2.06254e+09	2.06284e+09	2.06371e+09	0
194	1	1	2.0734e+09	2.07345e+09	2.07375e+09	2.0738e+09	0
195	1	1	2.08608e+09	2.08611e+09	2.08642e+09	2.08645e+09	0
196	1	1	2.09748e+09	2.09751e+09	2.09781e+09	2.09805e+09	1
197	0	2	2.10595e+09	2.10599e+09	2.10629e+09	2.10633e+09	1
198	0	2	2.11027e+09	2.11031e+09	2.11061e+09	2.11062e+09	1
199	0	1	2.11673e+09	2.11677e+09	2.11707e+09	2.11723e+09	0
200	1	1	2.12699e+09	2.12703e+09	2.12733e+09	2.12737e+09	0
201	1	1	2.13615e+09	2.13618e+09	2.13648e+09	2.13652e+09	0
202	1	1	2.14327e+09	2.14332e+09	2.14362e+09	2.14372e+09	1
203	0	2	2.14633e+09	2.14637e+09	2.14667e+09	2.14673e+09	1
204	0	1	2.15696e+09	2.15701e+09	2.15731e+09	2.15733e+09	0
205	1	1	2.16571e+09	2.16575e+09	2.16605e+09	2.16616e+09	1
206	0	1	2.1759e+09	2.17594e+09	2.17624e+09	2.17628e+09	0
207	1	1	2.18334e+09	2.18338e+09	2.18368e+09	2.1837e+09	0
208	1	1	2.19655e+09	2.1966e+09	2.1969e+09	2.19695e+09	1
209	0	1	2.19918e+09	2.19922e+09	2.19952e+09	2.19956e+09	1
210	0	2	2.20879e+09	2.20883e+09	2.20913e+09	2.20915e+09	1
211	0	2	2.21355e+09	2.21359e+09	2.21389e+09	2.21392e+09	1
212	0	1	2.21982e+09	2.21987e+09	2.22017e+09	2.22024e+09	0
213	1	1	2.22789e+09	2.22792e+09	2.22822e+09	2.22826e+09	0
214	1	1	2.23524e+09	2.23528e+09	2.23558e+09	2.23568e+09	0
215	1	1	2.24469e+09	2.24473e+09	2.24503e+09	2.24504e+09	0
216	1	1	2.25206e+09	2.2521e+09	2.2524e+09	2.25241e+09	0
217	1	1	2.2675e+09	2.26754e+09	2.26784e+09	2.26797e+09	1
218	0	1	2.27606e+09	2.2761e+09	2.2764e+09	2.27658e+09	0
219	1	1	2.2831e+09	2.28314e+09	2.28344e+09	2.28353e+09	0
220	1	1	2.29115e+09	2.29119e+09	2.29149e+09	2.29159e+09	1
221	0	2	2.29421e+09	2.29425e+09	2.29455e+09	2.29457e+09	1
222	0	1	2.30059e+09	2.30063e+09	2.30093e+09	2.30115e+09	0
223	1	1	2.30779e+09	2.30783e+09	2.30813e+09	2.30814e+09	0
224	1	1	2.31623e+09	2.31626e+09	2.31656e+09	2.31661e+09	0
225	1	1	2.32761e+09	2.32765e+09	2.32795e+09	2.32804e+09	1
226	0	2	2.33382e+09	2.33385e+09	2.33415e+09	2.33434e+09	1
227	0	1	2.33676e+09	2.3368e+09	2.3371e+09	2.33722e+09	0
228	1	1	2.34373e+09	2.34377e+09	2.34407e+09	2.34438e+09	1
229	0	1	2.34886e+09	2.3489e+09	2.3492e+09	2.34958e+09	1
230	0	2	2.35197e+09	2.35201e+09	2.35231e+09	2.3524e+09	1
231	0	2	2.35533e+09	2.35536e+09	2.35567e+09	2.35569e+09	1
232	0	2	2.35751e+09	2.35755e+09	2.35785e+09	2.35786e+09	1
233	0	2	2.36933e+09	2.36937e+09	2.36967e+09	2.36969e+09	1
234	0	1	2.37504e+09	2.37508e+09	2.37538e+09	2.37663e+09	1
235	0	2	2.38413e+09	2.38417e+09	2.38447e+09	2.38448e+09	1
236	0	2	2.39472e+09	2.39476e+09	2.39506e+09	2.39585e+09	0
237	1	2	2.4076e+09	2.40765e+09	2.40795e+09	2.40797e+09	1
238	0	1	2.41157e+09	2.41161e+09	2.41191e+09	2.41201e+09	1
239	0	1	2.41785e+09	2.41789e+09	2.41819e+09	2.41826e+09	0
240	1	1	2.42921e+09	2.42925e+09	2.42955e+09	2.42956e+09	0
241	1	1	2.44219e+09	2.44223e+09	2.44253e+09	2.44271e+09	1
242	0	1	2.44721e+09	2.44726e+09	2.44756e+09	2.44766e+09	0
243	1	1	2.45418e+09	2.45422e+09	2.45452e+09	2.45459e+09	0
244	1	1	2.4611e+09	2.46114e+09	2.46144e+09	2.46233e+09	0
245	1	1	2.46885e+09	2.46889e+09	2.46919e+09	2.46938e+09	0
246	1	1	2.47647e+09	2.47652e+09	2.47682e+09	2.47714e+09	1
247	0	1	2.48354e+09	2.48357e+09	2.48387e+09	2.48414e+09	0
248	1	1	2.49313e+09	2.49317e+09	2.49347e+09	2.49351e+09	0
249	1	1	2.50029e+09	2.50033e+09	2.50063e+09	2.50079e+09	1
250	0	1	2.5029e+09	2.50294e+09	2.50324e+09	2.50372e+09	0
251	1	1	2.51349e+09	2.51354e+09	2.51384e+09	2.51392e+09	1
252	0	2	2.53144e+09	2.53149e+09	2.53179e+09	2.5318e+09	1
253	0	2	2.54108e+09	2.54112e+09	2.54142e+09	2.54151e+09	1
254	0	2	2.54687e+09	2.54691e+09	2.54721e+09	2.54724e+09	1
255	0	1	2.55129e+09	2.55133e+09	2.55163e+09	2.55166e+09	0
256	1	1	2.55818e+09	2.55822e+09	2.55852e+09	2.55861e+09	0
257	1	1	2.56779e+09	2.56783e+09	2.56813e+09	2.56814e+09	0
258	1	1	2.57766e+09	2.5777e+09	2.578e+09	2.57805e+09	1
259	0	1	2.58035e+09	2.5804e+09	2.5807e+09	2.58078e+09	0
260	1	1	2.5937e+09	2.59374e+09	2.59404e+09	2.59409e+09	0
261	1	1	2.60179e+09	2.60183e+09	2.60213e+09	2.60228e+09	0
262	1	1	2.61239e+09	2.61243e+09	2.61273e+09	2.61275e+09	0
263	1	1	2.62436e+09	2.6244e+09	2.6247e+09	2.62471e+09	0
264	1	1	2.63895e+09	2.63899e+09	2.63929e+09	2.63936e+09	0
265	1	1	2.64742e+09	2.64747e+09	2.64777e+09	2.64781e+09	0
266	1	1	2.65747e+09	2.65751e+09	2.65781e+09	2.65787e+09	0
267	1	1	2.66571e+09	2.66575e+09	2.66605e+09	2.66629e+09	1
268	0	1	2.67237e+09	2.6724e+09	2.6727e+09	2.67274e+09	0
269	1	1	2.68007e+09	2.68011e+09	2.68041e+09	2.68042e+09	0
270	1	1	2.6892e+09	2.68923e+09	2.68953e+09	2.69055e+09	1
271	0	1	2.69832e+09	2.69836e+09	2.69866e+09	2.69893e+09	1
272	0	2	2.71061e+09	2.71065e+09	2.71095e+09	2.71097e+09	1
273	0	2	2.71416e+09	2.71419e+09	2.71449e+09	2.71451e+09	1
274	0	2	2.72205e+09	2.72209e+09	2.72239e+09	2.72245e+09	1
275	0	1	2.73089e+09	2.73094e+09	2.73124e+09	2.73133e+09	1
276	0	1	2.73328e+09	2.73332e+09	2.73362e+09	2.73385e+09	0
277	1	1	2.74126e+09	2.7413e+09	2.7416e+09	2.74288e+09	1
278	0	2	2.74777e+09	2.74781e+09	2.74811e+09	2.74813e+09	1
279	0	1	2.7527e+09	2.75275e+09	2.75305e+09	2.75314e+09	0
280	1	1	2.7637e+09	2.76374e+09	2.76404e+09	2.76415e+09	0
281	1	1	2.77067e+09	2.77071e+09	2.77101e+09	2.77116e+09	0
282	1	1	2.7783e+09	2.77834e+09	2.77864e+09	2.77866e+09	0
283	1	1	2.78705e+09	2.78708e+09	2.78738e+09	2.7874e+09	0
284	1	1	2.79392e+09	2.79397e+09	2.79427e+09	2.79432e+09	0
285	1	1	2.80343e+09	2.80346e+09	2.80376e+09	2.80484e+09	1
286	0	1	2.80835e+09	2.80839e+09	2.80869e+09	2.8087e+09	0
287	1	1	2.81778e+09	2.81782e+09	2.81812e+09	2.81823e+09	1
288	0	2	2.82375e+09	2.82378e+09	2.82408e+09	2.82424e+09	1
289	0	1	2.82709e+09	2.82713e+09	2.82743e+09	2.83054e+09	1
290	0	1	2.83613e+09	2.83617e+09	2.83647e+09	2.83652e+09	0
291	1	1	2.84434e+09	2.84438e+09	2.84468e+09	2.84469e+09	0
292	1	1	2.85196e+09	2.852e+09	2.8523e+09	2.85232e+09	0
293	1	1	2.86133e+09	2.86137e+09	2.86167e+09	2.86169e+09	0
294	1	1	2.86901e+09	2.86906e+09	2.86936e+09	2.86948e+09	0
295	1	1	2.87757e+09	2.87762e+09	2.87792e+09	2.87808e+09	0
296	1	1	2.88669e+09	2.88672e+09	2.88702e+09	2.88704e+09	0
297	1	1	2.8966e+09	2.89663e+09	2.89693e+09	2.89701e+09	0
298	1	1	2.90616e+09	2.9062e+09	2.9065e+09	2.90656e+09	1
299	0	1	2.91154e+09	2.91159e+09	2.91189e+09	2.91399e+09	1
300	0	1	2.91561e+09	2.91566e+09	2.91596e+09	2.91599e+09	0
301	1	1	2.92498e+09	2.92503e+09	2.92533e+09	2.92538e+09	1
302	0	2	2.93209e+09	2.93212e+09	2.93242e+09	2.93244e+09	1
303	0	2	2.94092e+09	2.94096e+09	2.94126e+09	2.94132e+09	1
304	0	1	2.95077e+09	2.95081e+09	2.95111e+09	2.95122e+09	0
305	1	1	2.95774e+09	2.95778e+09	2.95808e+09	2.9583e+09	0
306	1	1	2.96481e+09	2.96485e+09	2.96515e+09	2.96519e+09	0
307	1	1	2.9761e+09	2.97615e+09	2.97645e+09	2.97647e+09	0
308	1	1	2.98534e+09	2.98538e+09	2.98568e+09	2.9857e+09	0
309	1	1	2.99673e+09	2.99677e+09	2.99707e+09	2.99729e+09	1
310	0	2	3.0044e+09	3.00445e+09	3.00475e+09	3.00488e+09	1
311	0	2	3.0189e+09	3.01894e+09	3.01924e+09	3.01928e+09	1
312	0	2	3.03021e+09	3.03025e+09	3.03055e+09	3.03057e+09	1
313	0	1	3.04e+09	3.04004e+09	3.04034e+09	3.04037e+09	0
314	1	1	3.05231e+09	3.05235e+09	3.05265e+09	3.05266e+09	0
315	1	1	3.06133e+09	3.06138e+09	3.06168e+09	3.0617e+09	0
316	1	1	3.06823e+09	3.06827e+09	3.06857e+09	3.06866e+09	0
317	1	1	3.07517e+09	3.07521e+09	3.07551e+09	3.07593e+09	1
318	0	2	3.07838e+09	3.07841e+09	3.07871e+09	3.07897e+09	1
319	0	2	3.08178e+09	3.08182e+09	3.08212e+09	3.08228e+09	1
320	0	2	3.09195e+09	3.092e+09	3.0923e+09	3.09238e+09	1
321	0	2	3.09728e+09	3.09732e+09	3.09762e+09	3.10323e+09	0
322	1	2	3.11479e+09	3.11483e+09	3.11513e+09	3.11532e+09	1
323	0	1	3.12291e+09	3.12295e+09	3.12325e+09	3.12328e+09	1
324	0	1	3.12754e+09	3.12757e+09	3.12787e+09	3.1279e+09	0
325	1	1	3.13508e+09	3.13512e+09	3.13542e+09	3.13549e+09	0
326	1	1	3.142e+09	3.14204e+09	3.14234e+09	3.14242e+09	1
327	0	2	3.14749e+09	3.14753e+09	3.14783e+09	3.14785e+09	1
328	0	1	3.15343e+09	3.15346e+09	3.15376e+09	3.15703e+09	1
329	0	2	3.1608e+09	3.16084e+09	3.16114e+09	3.16115e+09	1
330	0	1	3.16555e+09	3.16558e+09	3.16588e+09	3.16623e+09	0
331	1	1	3.1772e+09	3.17723e+09	3.17753e+09	3.17755e+09	0
332	1	1	3.18438e+09	3.18443e+09	3.18473e+09	3.18474e+09	0
333	1	1	3.19497e+09	3.19501e+09	3.19531e+09	3.19533e+09	1
334	0	1	3.20616e+09	3.2062e+09	3.2065e+09	3.20656e+09	0
335	1	1	3.2141e+09	3.21414e+09	3.21444e+09	3.21498e+09	1
336	0	2	3.22137e+09	3.22141e+09	3.22171e+09	3.22173e+09	1
337	0	2	3.22654e+09	3.22658e+09	3.22688e+09	3.2269e+09	1
338	0	2	3.22944e+09	3.22948e+09	3.22978e+09	3.22986e+09	1
339	0	2	3.232e+09	3.23204e+09	3.23234e+09	3.23236e+09	1
340	0	2	3.23643e+09	3.23648e+09	3.23678e+09	3.23715e+09	1
341	0	1	3.2391e+09	3.23914e+09	3.23944e+09	3.24177e+09	1
342	0	2	3.25404e+09	3.25408e+09	3.25438e+09	3.2586e+09	0
343	1	2	3.26982e+09	3.26986e+09	3.27016e+09	3.27017e+09	1
344	0	2	3.27842e+09	3.27846e+09	3.27876e+09	3.27912e+09	1
345	0	1	3.28866e+09	3.2887e+09	3.289e+09	3.28902e+09	0
346	1	1	3.30305e+09	3.30309e+09	3.30339e+09	3.30351e+09	1
347	0	2	3.30778e+09	3.30782e+09	3.30812e+09	3.30813e+09	1
348	0	2	3.31013e+09	3.31017e+09	3.31047e+09	3.31058e+09	0
349	1	2	3.32346e+09	3.3235e+09	3.3238e+09	3.32385e+09	1
350	0	2	3.33319e+09	3.33322e+09	3.33352e+09	3.33354e+09	1
351	0	2	3.35562e+09	3.35566e+09	3.35596e+09	3.35597e+09	1
352	0	1	3.36494e+09	3.36498e+09	3.36528e+09	3.3655e+09	0
353	1	1	3.37201e+09	3.37205e+09	3.37235e+09	3.37236e+09	0
354	1	1	3.38234e+09	3.38238e+09	3.38268e+09	3.38512e+09	1
355	0	2	3.39682e+09	3.39686e+09	3.39716e+09	3.39718e+09	1
356	0	1	3.4025e+09	3.40253e+09	3.40283e+09	3.4035e+09	0
357	1	1	3.41422e+09	3.41426e+09	3.41456e+09	3.41457e+09	0
358	1	1	3.42174e+09	3.42177e+09	3.42207e+09	3.42208e+09	0
359	1	1	3.43168e+09	3.43172e+09	3.43202e+09	3.43255e+09	1
360	0	2	3.43968e+09	3.43972e+09	3.44002e+09	3.44004e+09	1
361	0	1	3.44431e+09	3.44435e+09	3.44465e+09	3.44467e+09	0
362	1	1	3.45581e+09	3.45585e+09	3.45615e+09	3.45656e+09	1
363	0	1	3.46874e+09	3.46877e+09	3.46907e+09	3.4691e+09	0
364	1	1	3.47571e+09	3.47574e+09	3.47604e+09	3.47612e+09	0
365	1	1	3.48265e+09	3.48269e+09	3.483e+09	3.48305e+09	1
366	0	2	3.4908e+09	3.49085e+09	3.49115e+09	3.49143e+09	1
367	0	2	3.50007e+09	3.50012e+09	3.50042e+09	3.50054e+09	1
368	0	1	3.50247e+09	3.50251e+09	3.50281e+09	3.50298e+09	0
369	1	1	3.51115e+09	3.51119e+09	3.51149e+09	3.51152e+09	0
370	1	1	3.51892e+09	3.51896e+09	3.51926e+09	3.51929e+09	0
371	1	1	3.52672e+09	3.52677e+09	3.52707e+09	3.52736e+09	0
372	1	1	3.53735e+09	3.5374e+09	3.5377e+09	3.53771e+09	0
373	1	1	3.54422e+09	3.54426e+09	3.54456e+09	3.54467e+09	0
374	1	1	3.55497e+09	3.555e+09	3.55531e+09	3.55707e+09	0
375	1	1	3.56359e+09	3.56363e+09	3.56393e+09	3.56431e+09	0
376	1	1	3.57083e+09	3.57087e+09	3.57117e+09	3.57195e+09	1
377	0	1	3.57357e+09	3.57362e+09	3.57392e+09	3.57418e+09	1
378	0	1	3.57579e+09	3.57583e+09	3.57613e+09	3.57629e+09	0
379	1	1	3.58289e+09	3.58293e+09	3.58323e+09	3.58325e+09	0
380	1	1	3.58977e+09	3.58981e+09	3.59011e+09	3.59016e+09	0
381	1	1	3.60114e+09	3.60118e+09	3.60148e+09	3.60216e+09	1
382	0	2	3.60734e+09	3.60737e+09	3.60767e+09	3.60769e+09	1
383	0	1	3.61842e+09	3.61846e+09	3.61876e+09	3.61878e+09	0
384	1	1	3.62807e+09	3.6281e+09	3.6284e+09	3.62841e+09	0
385	1	1	3.63493e+09	3.63497e+09	3.63527e+09	3.63529e+09	1
386	0	2	3.64432e+09	3.64436e+09	3.64466e+09	3.64467e+09	1
387	0	1	3.64952e+09	3.64957e+09	3.64987e+09	3.6499e+09	0
388	1	1	3.65998e+09	3.66002e+09	3.66032e+09	3.66351e+09	1
389	0	1	3.67467e+09	3.67471e+09	3.67501e+09	3.67503e+09	0
390	1	1	3.68528e+09	3.68533e+09	3.68563e+09	3.68564e+09	0
391	1	1	3.69215e+09	3.69219e+09	3.69249e+09	3.69252e+09	0
392	1	1	3.70234e+09	3.70238e+09	3.70268e+09	3.70276e+09	0
393	1	1	3.71082e+09	3.71085e+09	3.71115e+09	3.71121e+09	1
394	0	2	3.71923e+09	3.71927e+09	3.71957e+09	3.71959e+09	1
395	0	1	3.72581e+09	3.72585e+09	3.72615e+09	3.72776e+09	0
396	1	1	3.73428e+09	3.73432e+09	3.73462e+09	3.7347e+09	0
397	1	1	3.74121e+09	3.74125e+09	3.74155e+09	3.74157e+09	1
398	0	1	3.74374e+09	3.74379e+09	3.74409e+09	3.74412e+09	0
399	1	1	3.75371e+09	3.75374e+09	3.75404e+09	3.75794e+09	1
400	0	2	3.76062e+09	3.76066e+09	3.76096e+09	3.76106e+09	1
401	0	2	3.76533e+09	3.76538e+09	3.76568e+09	3.76569e+09	1
402	0	2	3.76905e+09	3.76908e+09	3.76938e+09	3.7694e+09	1
403	0	1	3.77495e+09	3.77499e+09	3.77529e+09	3.77721e+09	1
404	0	1	3.78208e+09	3.78213e+09	3.78243e+09	3.78244e+09	0
405	1	1	3.7913e+09	3.79133e+09	3.79163e+09	3.79165e+09	0
406	1	1	3.79867e+09	3.79871e+09	3.79901e+09	3.79904e+09	1
407	0	2	3.80341e+09	3.80345e+09	3.80375e+09	3.80379e+09	1
408	0	2	3.80656e+09	3.8066e+09	3.8069e+09	3.80705e+09	1
409	0	2	3.80995e+09	3.81e+09	3.8103e+09	3.81032e+09	1
410	0	1	3.81581e+09	3.81584e+09	3.81614e+09	3.81618e+09	0
411	1	1	3.82599e+09	3.82604e+09	3.82634e+09	3.82648e+09	0
412	1	1	3.83367e+09	3.83371e+09	3.83401e+09	3.83403e+09	0
413	1	1	3.84127e+09	3.8413e+09	3.8416e+09	3.84171e+09	1
414	0	1	3.84732e+09	3.84736e+09	3.84766e+09	3.84768e+09	0
415	1	1	3.85559e+09	3.85563e+09	3.85593e+09	3.85602e+09	0
416	1	1	3.86256e+09	3.86261e+09	3.86291e+09	3.86308e+09	0
417	1	1	3.874e+09	3.87404e+09	3.87434e+09	3.87436e+09	0
418	1	1	3.88434e+09	3.88438e+09	3.88468e+09	3.88522e+09	1
419	0	2	3.8923e+09	3.89234e+09	3.89264e+09	3.89265e+09	1
420	0	2	3.89943e+09	3.89947e+09	3.89977e+09	3.89979e+09	1
421	0	2	3.90268e+09	3.90272e+09	3.90302e+09	3.90303e+09	1
422	0	1	3.90869e+09	3.90872e+09	3.90903e+09	3.90918e+09	0
423	1	1	3.91571e+09	3.91575e+09	3.91605e+09	3.91622e+09	0
424	1	1	3.926e+09	3.92605e+09	3.92635e+09	3.92846e+09	1
425	0	2	3.9346e+09	3.93463e+09	3.93493e+09	3.93494e+09	1
426	0	1	3.9415e+09	3.94154e+09	3.94184e+09	3.94185e+09	0
427	1	1	3.95182e+09	3.95186e+09	3.95216e+09	3.95219e+09	0
428	1	1	3.95993e+09	3.95996e+09	3.96026e+09	3.96029e+09	0
429	1	1	3.96982e+09	3.96987e+09	3.97017e+09	3.97502e+09	0
430	1	1	3.98154e+09	3.98158e+09	3.98188e+09	3.98342e+09	0
431	1	1	3.98994e+09	3.98998e+09	3.99028e+09	3.99216e+09	1
432	0	2	4.00849e+09	4.00854e+09	4.00884e+09	4.00885e+09	1
433	0	2	4.01136e+09	4.0114e+09	4.0117e+09	4.01173e+09	1
434	0	1	4.01748e+09	4.01752e+09	4.01782e+09	4.01785e+09	0
435	1	1	4.02438e+09	4.02442e+09	4.02472e+09	4.02924e+09	1
436	0	2	4.03253e+09	4.03257e+09	4.03287e+09	4.0329e+09	1
437	0	2	4.03745e+09	4.03749e+09	4.03779e+09	4.0378e+09	1
438	0	1	4.04241e+09	4.04246e+09	4.04276e+09	4.04278e+09	0
439	1	1	4.0493e+09	4.04934e+09	4.04964e+09	4.04978e+09	0
440	1	1	4.05671e+09	4.05675e+09	4.05705e+09	4.05715e+09	1
441	0	1	4.05983e+09	4.05986e+09	4.06017e+09	4.06021e+09	0
442	1	1	4.06673e+09	4.06677e+09	4.06707e+09	4.06717e+09	0
443	1	1	4.0748e+09	4.07484e+09	4.07514e+09	4.07517e+09	0
444	1	1	4.08183e+09	4.08187e+09	4.08217e+09	4.08218e+09	0
445	1	1	4.09064e+09	4.09068e+09	4.09098e+09	4.09103e+09	0
446	1	1	4.09754e+09	4.09758e+09	4.09788e+09	4.09797e+09	1
447	0	1	4.10496e+09	4.105e+09	4.1053e+09	4.10535e+09	1
448	0	1	4.11607e+09	4.11611e+09	4.11641e+09	4.11642e+09	0
449	1	1	4.12293e+09	4.12297e+09	4.12327e+09	4.1233e+09	0
450	1	1	4.12982e+09	4.12986e+09	4.13016e+09	4.13037e+09	1
451	0	2	4.13598e+09	4.13602e+09	4.13632e+09	4.13634e+09	1
452	0	2	4.14255e+09	4.14259e+09	4.14289e+09	4.14291e+09	1
453	0	2	4.14554e+09	4.14558e+09	4.14588e+09	4.14593e+09	1
454	0	2	4.15269e+09	4.15273e+09	4.15303e+09	4.15304e+09	1
455	0	2	4.15507e+09	4.15511e+09	4.15541e+09	4.15545e+09	1
456	0	2	4.15736e+09	4.1574e+09	4.1577e+09	4.15771e+09	1
457	0	1	4.1642e+09	4.16424e+09	4.16454e+09	4.16455e+09	0
458	1	1	4.17107e+09	4.17111e+09	4.17141e+09	4.17157e+09	0
459	1	1	4.18132e+09	4.18137e+09	4.18167e+09	4.18168e+09	0
460	1	1	4.18819e+09	4.18823e+09	4.18853e+09	4.18857e+09	0
461	1	1	4.19765e+09	4.19768e+09	4.19799e+09	4.19805e+09	0
462	1	1	4.20856e+09	4.2086e+09	4.2089e+09	4.2118e+09	0
463	1	1	4.21934e+09	4.21939e+09	4.21969e+09	4.22294e+09	0
464	1	1	4.22946e+09	4.2295e+09	4.2298e+09	4.23175e+09	0
465	1	1	4.23826e+09	4.23831e+09	4.23861e+09	4.24181e+09	0
466	1	1	4.25372e+09	4.25375e+09	4.25405e+09	4.25409e+09	0
467	1	1	4.26061e+09	4.26065e+09	4.26095e+09	4.26114e+09	1
468	0	1	4.26349e+09	4.26353e+09	4.26383e+09	4.26386e+09	0
469	1	1	4.27038e+09	4.27042e+09	4.27072e+09	4.27073e+09	0
470	1	1	4.27725e+09	4.27728e+09	4.27759e+09	4.27759e+09	0
471	1	1	4.28562e+09	4.28565e+09	4.28595e+09	4.28636e+09	1
472	0	1	4.28842e+09	4.28847e+09	4.28877e+09	4.28878e+09	0
473	1	1	3.7755e+06	3.82409e+06	4.12433e+06	9.94766e+06	1
474	0	2	1.27191e+07	1.27606e+07	1.30608e+07	1.30781e+07	1
475	0	2	2.07422e+07	2.07777e+07	2.10779e+07	2.11002e+07	1
476	0	1	2.89137e+07	2.89536e+07	2.92538e+07	2.93799e+07	0
477	1	1	3.84164e+07	3.84532e+07	3.87535e+07	3.88437e+07	0
478	1	1	4.77635e+07	4.7798e+07	4.80983e+07	4.81047e+07	0
479	1	1	5.57292e+07	5.57618e+07	5.6062e+07	5.83569e+07	1
480	0	1	6.7627e+07	6.76713e+07	6.79716e+07	6.79895e+07	0
481	1	1	7.45421e+07	7.45849e+07	7.48851e+07	7.5027e+07	0
482	1	1	8.41902e+07	8.42313e+07	8.45315e+07	8.75742e+07	1
483	0	1	9.38148e+07	9.3851e+07	9.41512e+07	9.41617e+07	0
484	1	1	1.0219e+08	1.02228e+08	1.02529e+08	1.02714e+08	1
485	0	2	1.07865e+08	1.07905e+08	1.08205e+08	1.08221e+08	1
486	0	2	1.1071e+08	1.10755e+08	1.11055e+08	1.11116e+08	1
487	0	1	1.19941e+08	1.19975e+08	1.20275e+08	1.20354e+08	0
488	1	1	1.27563e+08	1.27605e+08	1.27905e+08	1.27921e+08	0
489	1	1	1.3629e+08	1.36322e+08	1.36623e+08	1.40792e+08	0
490	1	1	1.4731e+08	1.4735e+08	1.4765e+08	1.49215e+08	0
491	1	1	1.55733e+08	1.5577e+08	1.5607e+08	1.57371e+08	0
492	1	1	1.67346e+08	1.67389e+08	1.67689e+08	1.6832e+08	1
493	0	1	1.70684e+08	1.7073e+08	1.7103e+08	1.7232e+08	1
494	0	2	1.76588e+08	1.76631e+08	1.76931e+08	1.76947e+08	1
495	0	2	1.79644e+08	1.79684e+08	1.79984e+08	1.80069e+08	1
496	0	1	1.83547e+08	1.83579e+08	1.83879e+08	1.83888e+08	0
497	1	1	1.90405e+08	1.90442e+08	1.90742e+08	1.91011e+08	0
498	1	1	2.00136e+08	2.0017e+08	2.0047e+08	2.08391e+08	0
499	1	1	2.17981e+08	2.1802e+08	2.1832e+08	2.223e+08	1
500	0	2	2.24936e+08	2.24968e+08	2.25268e+08	2.25318e+08	1
501	0	1	2.29812e+08	2.29847e+08	2.30147e+08	2.30159e+08	0
502	1	1	2.36674e+08	2.36711e+08	2.37011e+08	2.37125e+08	1
503	0	2	2.41014e+08	2.41058e+08	2.41359e+08	2.41528e+08	1
504	0	1	2.43437e+08	2.43479e+08	2.43779e+08	2.43842e+08	0
505	1	1	2.5036e+08	2.50399e+08	2.507e+08	2.53183e+08	1
506	0	1	2.63581e+08	2.63623e+08	2.63923e+08	2.63934e+08	0
507	1	1	2.70467e+08	2.70499e+08	2.708e+08	2.70857e+08	0
508	1	1	2.78056e+08	2.78098e+08	2.78398e+08	2.78568e+08	1
509	0	1	2.80768e+08	2.80813e+08	2.81113e+08	2.81132e+08	0
510	1	1	2.87659e+08	2.87704e+08	2.88004e+08	2.88131e+08	1
511	0	2	2.89858e+08	2.89899e+08	2.90199e+08	2.90212e+08	1
512	0	1	2.9841e+08	2.98446e+08	2.98746e+08	2.98812e+08	0
513	1	1	3.05326e+08	3.05365e+08	3.05665e+08	3.05829e+08	1
514	0	2	3.08248e+08	3.08282e+08	3.08582e+08	3.08667e+08	1
515	0	1	3.15635e+08	3.15669e+08	3.15969e+08	3.16005e+08	0
516	1	1	3.29572e+08	3.29607e+08	3.29907e+08	3.38032e+08	1
517	0	1	3.44671e+08	3.44708e+08	3.45009e+08	3.51586e+08	1
518	0	1	3.53169e+08	3.53215e+08	3.53515e+08	3.53595e+08	0
519	1	1	3.60125e+08	3.60171e+08	3.60472e+08	3.61213e+08	0
520	1	1	3.67742e+08	3.67788e+08	3.68088e+08	3.75364e+08	0
521	1	1	3.81876e+08	3.81915e+08	3.82216e+08	3.82457e+08	0
522	1	1	3.88978e+08	3.89017e+08	3.89317e+08	3.97105e+08	0
523	1	1	4.03632e+08	4.03676e+08	4.03976e+08	4.09491e+08	1
524	0	1	4.11501e+08	4.11541e+08	4.11841e+08	4.23096e+08	1
525	0	2	4.26526e+08	4.26565e+08	4.26865e+08	4.27176e+08	1
526	0	1	4.32744e+08	4.32791e+08	4.33091e+08	4.33183e+08	0
527	1	1	4.39697e+08	4.39736e+08	4.40037e+08	4.4133e+08	1
528	0	1	4.43416e+08	4.43454e+08	4.43754e+08	4.43813e+08	1
529	0	2	4.45925e+08	4.45968e+08	4.46268e+08	4.46287e+08	1
530	0	2	4.49115e+08	4.49159e+08	4.49459e+08	4.49469e+08	1
531	0	2	4.55946e+08	4.55984e+08	4.56284e+08	4.56306e+08	1
532	0	2	4.61093e+08	4.61139e+08	4.61439e+08	4.61449e+08	1
533	0	2	4.63278e+08	4.63322e+08	4.63622e+08	4.63636e+08	1
534	0	1	4.66373e+08	4.66409e+08	4.66709e+08	4.66736e+08	0
535	1	1	4.73257e+08	4.73297e+08	4.73597e+08	4.78779e+08	0
536	1	1	4.87823e+08	4.87859e+08	4.88159e+08	4.88204e+08	0
537	1	1	4.94718e+08	4.94758e+08	4.95058e+08	4.95115e+08	1
538	0	2	5.01521e+08	5.01563e+08	5.01864e+08	5.01942e+08	1
539	0	1	5.06519e+08	5.06554e+08	5.06854e+08	5.06913e+08	0
540	1	1	5.13427e+08	5.13465e+08	5.13765e+08	5.1378e+08	0
541	1	1	5.23954e+08	5.24e+08	5.243e+08	5.26687e+08	0
542	1	1	5.33216e+08	5.33262e+08	5.33562e+08	5.35131e+08	0
543	1	1	5.4165e+08	5.41688e+08	5.41988e+08	5.45061e+08	0
544	1	1	5.51579e+08	5.51616e+08	5.51916e+08	5.52346e+08	1
545	0	1	5.57523e+08	5.57556e+08	5.57857e+08	5.8186e+08	1
546	0	2	5.86513e+08	5.86552e+08	5.86852e+08	5.87721e+08	0
547	1	2	5.97072e+08	5.97119e+08	5.97419e+08	5.97436e+08	1
548	0	2	6.01176e+08	6.01207e+08	6.01508e+08	6.01599e+08	1
549	0	2	6.03426e+08	6.03468e+08	6.03768e+08	6.03784e+08	1
550	0	1	6.06395e+08	6.06434e+08	6.06734e+08	6.06749e+08	0
551	1	1	6.13279e+08	6.13325e+08	6.13625e+08	6.17129e+08	0
552	1	1	6.23662e+08	6.23708e+08	6.24008e+08	6.28376e+08	0
553	1	1	6.37245e+08	6.3729e+08	6.3759e+08	6.39282e+08	0
554	1	1	6.45799e+08	6.45839e+08	6.46139e+08	6.52707e+08	0
555	1	1	6.59223e+08	6.5926e+08	6.59561e+08	6.6403e+08	0
556	1	1	6.7055e+08	6.7059e+08	6.7089e+08	6.83994e+08	1