
001	0	2	8.03227e+06	8.08461e+06	8.3862e+06	8.40224e+06	1	1
002	0	1	1.39059e+07	1.39574e+07	1.42577e+07	1.4425e+07	0	1
003	1	1	2.4491e+07	2.45275e+07	2.48277e+07	2.48887e+07	0	1
004	1	1	3.37439e+07	3.37897e+07	3.409e+07	3.44412e+07	0	1
005	1	1	4.096e+07	4.09983e+07	4.12986e+07	5.40479e+07	1	0
006	0	1	5.95344e+07	5.95669e+07	5.98671e+07	6.0569e+07	1	0
007	0	1	6.47301e+07	6.47632e+07	6.50634e+07	6.53569e+07	0	1
008	1	1	7.18766e+07	7.19144e+07	7.22146e+07	7.29329e+07	1	0
009	0	2	8.02816e+07	8.03293e+07	8.06295e+07	8.13957e+07	0	0
010	1	2	9.06025e+07	9.06338e+07	9.0934e+07	9.13404e+07	0	0
011	1	2	1.0178e+08	1.01822e+08	1.02122e+08	1.02149e+08	1	1
012	0	1	1.06448e+08	1.06483e+08	1.06783e+08	1.06888e+08	1	0
013	0	1	1.11017e+08	1.11057e+08	1.11357e+08	1.11852e+08	1	0
014	0	1	1.14953e+08	1.14988e+08	1.15289e+08	1.16295e+08	1	0
015	0	2	1.17888e+08	1.17924e+08	1.18224e+08	1.18615e+08	0	0
016	1	2	1.27852e+08	1.2789e+08	1.2819e+08	1.31881e+08	0	0
017	1	2	1.384e+08	1.38441e+08	1.38741e+08	1.39061e+08	1	1
018	0	1	1.42928e+08	1.4297e+08	1.4327e+08	1.43753e+08	1	0
019	0	2	1.45327e+08	1.45364e+08	1.45664e+08	1.46461e+08	0	0
020	1	2	1.52992e+08	1.53037e+08	1.53337e+08	1.53361e+08	1	1
021	0	1	1.57876e+08	1.57916e+08	1.58216e+08	1.58598e+08	0	1
022	1	1	1.6512e+08	1.65159e+08	1.65459e+08	1.65719e+08	0	1
023	1	1	1.72495e+08	1.72537e+08	1.72837e+08	1.72896e+08	0	1
024	1	1	1.89276e+08	1.8932e+08	1.8962e+08	1.89656e+08	0	1
025	0	2	1.96176e+08	1.96208e+08	1.96509e+08	1.9685e+08	0	0
026	0	2	2.09257e+08	2.09294e+08	2.09594e+08	2.09603e+08	1	1
027	0	1	2.15863e+08	2.15897e+08	2.16197e+08	2.16525e+08	1	0
028	0	1	2.26703e+08	2.26739e+08	2.27039e+08	2.2726e+08	1	0
029	0	1	2.33381e+08	2.33418e+08	2.33718e+08	2.33861e+08	1	0
030	0	2	2.38196e+08	2.38231e+08	2.38531e+08	2.38579e+08	1	1
031	0	2	2.49657e+08	2.497e+08	2.50001e+08	2.50056e+08	1	1
032	0	2	2.572e+08	2.57237e+08	2.57538e+08	2.57599e+08	1	1
033	0	2	2.66032e+08	2.66073e+08	2.66373e+08	2.66568e+08	1	1
034	0	1	2.72737e+08	2.72789e+08	2.73089e+08	2.73123e+08	0	1
035	1	1	2.79645e+08	2.79684e+08	2.79984e+08	2.80002e+08	0	1
036	1	1	2.86526e+08	2.86565e+08	2.86866e+08	2.87271e+08	1	0
037	0	1	3.03199e+08	3.0324e+08	3.03541e+08	3.04027e+08	1	0
038	0	1	3.05716e+08	3.05757e+08	3.06057e+08	3.06117e+08	0	1
039	1	1	3.1264e+08	3.12672e+08	3.12972e+08	3.13454e+08	1	0
040	0	2	3.171e+08	3.1714e+08	3.1744e+08	3.17956e+08	0	0
041	1	2	3.24474e+08	3.24514e+08	3.24814e+08	3.24832e+08	1	1
042	0	1	3.30857e+08	3.30902e+08	3.31202e+08	3.31729e+08	1	0
043	0	2	3.35968e+08	3.36005e+08	3.36305e+08	3.36369e+08	1	1
044	0	2	3.41519e+08	3.41568e+08	3.41868e+08	3.41929e+08	1	1
045	0	1	3.46329e+08	3.46373e+08	3.46673e+08	3.46817e+08	0	1
046	1	1	3.53349e+08	3.53398e+08	3.53698e+08	3.54069e+08	1	0
047	0	1	3.61529e+08	3.61572e+08	3.61873e+08	3.62352e+08	1	0
048	0	2	3.64825e+08	3.64856e+08	3.65157e+08	3.65634e+08	0	0
049	1	2	3.72163e+08	3.72201e+08	3.72501e+08	3.72513e+08	1	1
050	0	2	3.78334e+08	3.78382e+08	3.78682e+08	3.78757e+08	1	1
051	0	1	3.863e+08	3.86338e+08	3.86638e+08	3.867e+08	0	1
052	1	1	3.93218e+08	3.93257e+08	3.93557e+08	3.98106e+08	1	0
053	0	2	3.9971e+08	3.99756e+08	4.00056e+08	4.00088e+08	1	1
054	0	2	4.0603e+08	4.0607e+08	4.0637e+08	4.06829e+08	0	0
055	1	2	4.16444e+08	4.16487e+08	4.16787e+08	4.17222e+08	0	0
056	1	2	4.23734e+08	4.23774e+08	4.24074e+08	4.24116e+08	1	1
057	0	2	4.29369e+08	4.29407e+08	4.29707e+08	4.29783e+08	1	1
058	0	1	4.37248e+08	4.37293e+08	4.37593e+08	4.37605e+08	0	1
059	1	1	4.45332e+08	4.45365e+08	4.45665e+08	4.46164e+08	1	0
060	0	2	4.48119e+08	4.48166e+08	4.48466e+08	4.48481e+08	1	1
061	0	1	4.52676e+08	4.52711e+08	4.53011e+08	4.53041e+08	0	1
062	1	1	4.60039e+08	4.60075e+08	4.60375e+08	4.60703e+08	1	0
063	0	1	4.65067e+08	4.651e+08	4.654e+08	4.65421e+08	0	1
064	1	1	4.71936e+08	4.71975e+08	4.72275e+08	4.72295e+08	0	1
065	1	1	4.79047e+08	4.79091e+08	4.79392e+08	4.79653e+08	1	0
066	0	1	4.81254e+08	4.81297e+08	4.81598e+08	4.81626e+08	0	1
067	1	1	4.88151e+08	4.88191e+08	4.88491e+08	4.88691e+08	1	0
068	0	2	4.90295e+08	4.90341e+08	4.90641e+08	4.9074e+08	1	1
069	0	1	4.94247e+08	4.94295e+08	4.94595e+08	4.94624e+08	0	1
070	1	1	5.01149e+08	5.0119e+08	5.0149e+08	5.01844e+08	1	0
071	0	2	5.0502e+08	5.05065e+08	5.05365e+08	5.05374e+08	1	1
072	0	2	5.08831e+08	5.08865e+08	5.09166e+08	5.09212e+08	1	1
073	0	1	5.12851e+08	5.12894e+08	5.13194e+08	5.1321e+08	0	1
074	1	1	5.19724e+08	5.19761e+08	5.20061e+08	5.20333e+08	1	0
075	0	2	5.22014e+08	5.22061e+08	5.22362e+08	5.22381e+08	1	1
076	0	2	5.26736e+08	5.26769e+08	5.2707e+08	5.27149e+08	1	1
077	0	2	5.33433e+08	5.33477e+08	5.33778e+08	5.34341e+08	0	0
078	1	2	5.40869e+08	5.40906e+08	5.41207e+08	5.41411e+08	1	1
079	0	2	5.43709e+08	5.43743e+08	5.44044e+08	5.44103e+08	1	1
080	0	2	5.47304e+08	5.47349e+08	5.47649e+08	5.47659e+08	1	1
081	0	2	5.53748e+08	5.53786e+08	5.54086e+08	5.54157e+08	1	1
082	0	1	5.59585e+08	5.59624e+08	5.59925e+08	5.60273e+08	1	0
083	0	2	5.61881e+08	5.61925e+08	5.62225e+08	5.62514e+08	0	0
084	1	2	5.71786e+08	5.71829e+08	5.72129e+08	5.72615e+08	0	0
085	1	2	5.79149e+08	5.79195e+08	5.79495e+08	5.79506e+08	1	1
086	0	2	5.82949e+08	5.82982e+08	5.83282e+08	5.83414e+08	1	1
087	0	1	5.8817e+08	5.88208e+08	5.88508e+08	5.88543e+08	0	1
088	1	1	5.97048e+08	5.97084e+08	5.97385e+08	5.97754e+08	1	0
089	0	1	5.99361e+08	5.99406e+08	5.99707e+08	6.00208e+08	1	0
090	0	1	6.03393e+08	6.03439e+08	6.03739e+08	6.03759e+08	0	1
091	1	1	6.10287e+08	6.10331e+08	6.10632e+08	6.10974e+08	1	0
092	0	2	6.15884e+08	6.15927e+08	6.16227e+08	6.16363e+08	1	1
093	0	1	6.2045e+08	6.20488e+08	6.20788e+08	6.31741e+08	1	0
094	0	1	6.35391e+08	6.35424e+08	6.35724e+08	6.4709e+08	0	1
095	1	1	6.56224e+08	6.56266e+08	6.56567e+08	6.57059e+08	0	1
096	1	1	6.63576e+08	6.63616e+08	6.63917e+08	6.63959e+08	0	1
097	1	1	6.70471e+08	6.70511e+08	6.70812e+08	6.71138e+08	1	0
098	0	1	6.74283e+08	6.74321e+08	6.74621e+08	6.74632e+08	0	1
099	1	1	6.81149e+08	6.81188e+08	6.81488e+08	6.8157e+08	0	1
100	1	1	6.8933e+08	6.89367e+08	6.89667e+08	6.89857e+08	1	0
101	0	2	6.91463e+08	6.9151e+08	6.9181e+08	6.9183e+08	1	1
102	0	2	6.95626e+08	6.95675e+08	6.95975e+08	6.96007e+08	1	1
103	0	1	6.99195e+08	6.99228e+08	6.99529e+08	6.99542e+08	0	1
104	1	1	7.06078e+08	7.06122e+08	7.06422e+08	7.06458e+08	0	1
105	1	1	7.12983e+08	7.13021e+08	7.13321e+08	7.13372e+08	0	1
106	1	1	7.19888e+08	7.19927e+08	7.20227e+08	7.20446e+08	1	0
107	0	1	7.22112e+08	7.22146e+08	7.22446e+08	7.22609e+08	1	0
108	0	1	7.27847e+08	7.2788e+08	7.2818e+08	7.2845e+08	1	0
109	0	2	7.3006e+08	7.30107e+08	7.30407e+08	7.30435e+08	1	1
110	0	1	7.35355e+08	7.35395e+08	7.35696e+08	7.36005e+08	1	0
111	0	1	7.39809e+08	7.39848e+08	7.40149e+08	7.40269e+08	1	0
112	0	2	7.41983e+08	7.42021e+08	7.42321e+08	7.42542e+08	1	1
113	0	1	7.51363e+08	7.51404e+08	7.51705e+08	7.52016e+08	1	0
114	0	1	7.53804e+08	7.53841e+08	7.54141e+08	7.54169e+08	0	1
115	1	1	7.60698e+08	7.60743e+08	7.61043e+08	7.70226e+08	1	0
116	0	2	7.75556e+08	7.75595e+08	7.75895e+08	7.75964e+08	0	0
117	1	2	7.85949e+08	7.85982e+08	7.86282e+08	7.86416e+08	0	0
118	1	2	7.9295e+08	7.92996e+08	7.93296e+08	7.93501e+08	0	0
119	1	2	8.10752e+08	8.10799e+08	8.11099e+08	8.11171e+08	1	1
120	0	1	8.17584e+08	8.17623e+08	8.17923e+08	8.17933e+08	0	1
121	1	1	8.2718e+08	8.27213e+08	8.27514e+08	8.27557e+08	0	1
122	1	1	8.34163e+08	8.34196e+08	8.34497e+08	8.34515e+08	0	1
123	1	1	8.47671e+08	8.47714e+08	8.48014e+08	8.48123e+08	0	1
124	0	1	8.56118e+08	8.5616e+08	8.5646e+08	8.56842e+08	1	0
125	0	2	8.60993e+08	8.61032e+08	8.61332e+08	8.61429e+08	0	0
126	1	2	8.72566e+08	8.72609e+08	8.7291e+08	8.72936e+08	1	1
127	0	1	8.74624e+08	8.74666e+08	8.74966e+08	8.75104e+08	1	0
128	0	2	8.78885e+08	8.78925e+08	8.79225e+08	8.79664e+08	0	0
129	1	2	8.87444e+08	8.87483e+08	8.87783e+08	8.88092e+08	0	0
130	1	2	8.95247e+08	8.95288e+08	8.95588e+08	8.9561e+08	0	0
131	1	2	9.02137e+08	9.02183e+08	9.02483e+08	9.02553e+08	1	1
132	0	1	9.06782e+08	9.06821e+08	9.07122e+08	9.07486e+08	1	0
133	0	1	9.1144e+08	9.11476e+08	9.11776e+08	9.11961e+08	0	1
134	1	1	9.18478e+08	9.18516e+08	9.18817e+08	9.19123e+08	1	0
135	0	1	9.21511e+08	9.21547e+08	9.21847e+08	9.21955e+08	0	1
136	1	1	9.28473e+08	9.28513e+08	9.28813e+08	9.36904e+08	1	0
137	0	2	9.40299e+08	9.40344e+08	9.40644e+08	9.40688e+08	1	1
138	0	2	9.47158e+08	9.47197e+08	9.47498e+08	9.47572e+08	1	1
139	0	1	9.53694e+08	9.53728e+08	9.54028e+08	9.54064e+08	0	1
140	1	1	9.60583e+08	9.60622e+08	9.60922e+08	9.60943e+08	0	1
141	1	1	9.68875e+08	9.68922e+08	9.69222e+08	9.69247e+08	0	1
142	1	1	9.75768e+08	9.75805e+08	9.76105e+08	9.76281e+08	1	0
143	0	2	9.79916e+08	9.79948e+08	9.80248e+08	9.80497e+08	0	0
144	1	2	9.87015e+08	9.87054e+08	9.87354e+08	9.87368e+08	1	1
145	0	1	9.89018e+08	9.89058e+08	9.89359e+08	9.8972e+08	1	0
146	0	1	9.93667e+08	9.93709e+08	9.94009e+08	9.94382e+08	1	0
147	0	2	1.00107e+09	1.00111e+09	1.00141e+09	1.00148e+09	1	1
148	0	2	1.00422e+09	1.00427e+09	1.00457e+09	1.00461e+09	1	1
149	0	1	1.01036e+09	1.01041e+09	1.01071e+09	1.01078e+09	0	1
150	1	1	1.01821e+09	1.01825e+09	1.01855e+09	1.01856e+09	0	1
151	1	1	1.02509e+09	1.02513e+09	1.02543e+09	1.02545e+09	1	0
152	0	2	1.02941e+09	1.02945e+09	1.02975e+09	1.02978e+09	1	1
153	0	2	1.03139e+09	1.03143e+09	1.03173e+09	1.03183e+09	1	1
154	0	1	1.03367e+09	1.03371e+09	1.03401e+09	1.03417e+09	0	1
155	1	1	1.04214e+09	1.04217e+09	1.04247e+09	1.04277e+09	1	0
156	0	2	1.04493e+09	1.04497e+09	1.04527e+09	1.04556e+09	0	0
157	1	2	1.0521e+09	1.05214e+09	1.05244e+09	1.05274e+09	0	0
158	1	2	1.06172e+09	1.06176e+09	1.06206e+09	1.06229e+09	0	0
159	1	2	1.06887e+09	1.06891e+09	1.06921e+09	1.06924e+09	1	1
160	0	1	1.07666e+09	1.0767e+09	1.077e+09	1.07703e+09	0	1
161	1	1	1.08356e+09	1.0836e+09	1.0839e+09	1.08392e+09	0	1
162	1	1	1.09303e+09	1.09306e+09	1.09336e+09	1.09365e+09	1	0
163	0	1	1.09767e+09	1.0977e+09	1.098e+09	1.09812e+09	1	0
164	0	2	1.1032e+09	1.10324e+09	1.10354e+09	1.10368e+09	0	0
165	1	2	1.1105e+09	1.11054e+09	1.11084e+09	1.11113e+09	0	0
166	1	2	1.13939e+09	1.13943e+09	1.13973e+09	1.13982e+09	0	0
167	1	2	1.1464e+09	1.14644e+09	1.14674e+09	1.14676e+09	0	0
168	0	1	1.15514e+09	1.15518e+09	1.15548e+09	1.15566e+09	0	1
169	0	2	1.17934e+09	1.17939e+09	1.17969e+09	1.17977e+09	1	1
170	0	2	1.18138e+09	1.18143e+09	1.18173e+09	1.18199e+09	0	0
171	1	2	1.18851e+09	1.18854e+09	1.18885e+09	1.18902e+09	0	0
172	1	2	1.19555e+09	1.1956e+09	1.1959e+09	1.19626e+09	0	0
173	1	2	1.20279e+09	1.20284e+09	1.20314e+09	1.20343e+09	0	0
174	0	2	1.20996e+09	1.21001e+09	1.21031e+09	1.21033e+09	1	1
175	0	1	1.21658e+09	1.21662e+09	1.21692e+09	1.2171e+09	1	0
176	0	2	1.21871e+09	1.21876e+09	1.21906e+09	1.21952e+09	0	0
177	1	2	1.22604e+09	1.22608e+09	1.22638e+09	1.22643e+09	1	1
178	0	1	1.22808e+09	1.22812e+09	1.22842e+09	1.22868e+09	1	0
179	0	2	1.23028e+09	1.23032e+09	1.23062e+09	1.23063e+09	1	1
180	0	2	1.23753e+09	1.23757e+09	1.23787e+09	1.2383e+09	0	0
181	1	2	1.24837e+09	1.2484e+09	1.2487e+09	1.2491e+09	0	0
182	1	2	1.26047e+09	1.26051e+09	1.26081e+09	1.26444e+09	0	0
183	1	2	1.27098e+09	1.27102e+09	1.27132e+09	1.27138e+09	1	1
184	0	2	1.27346e+09	1.27351e+09	1.27381e+09	1.27391e+09	0	0
185	1	2	1.28043e+09	1.28047e+09	1.28077e+09	1.28098e+09	0	0
186	1	2	1.28749e+09	1.28753e+09	1.28783e+09	1.28802e+09	0	0
187	1	2	1.2996e+09	1.29964e+09	1.29994e+09	1.30593e+09	1	1
188	0	1	1.3094e+09	1.30944e+09	1.30974e+09	1.3099e+09	1	0
189	0	2	1.31408e+09	1.31413e+09	1.31443e+09	1.31455e+09	0	0
190	1	2	1.32209e+09	1.32213e+09	1.32243e+09	1.32261e+09	0	0
191	1	2	1.32913e+09	1.32917e+09	1.32947e+09	1.3295e+09	1	1
192	0	1	1.33253e+09	1.33258e+09	1.33288e+09	1.3329e+09	0	1
193	1	1	1.33943e+09	1.33948e+09	1.33978e+09	1.35246e+09	0	1
194	1	1	1.35898e+09	1.35902e+09	1.35932e+09	1.36005e+09	0	1
195	1	1	1.36853e+09	1.36858e+09	1.36888e+09	1.37104e+09	1	0
196	0	1	1.37441e+09	1.37445e+09	1.37475e+09	1.37486e+09	1	0
197	0	1	1.37822e+09	1.37825e+09	1.37855e+09	1.37891e+09	1	0
198	0	2	1.38245e+09	1.38249e+09	1.38279e+09	1.38285e+09	0	0
199	1	2	1.38944e+09	1.38949e+09	1.38979e+09	1.38998e+09	0	0
200	1	2	1.39675e+09	1.39679e+09	1.39709e+09	1.3973e+09	0	0
201	1	2	1.40382e+09	1.40386e+09	1.40416e+09	1.40457e+09	0	0
202	0	1	1.41109e+09	1.41113e+09	1.41143e+09	1.41145e+09	0	1
203	0	1	1.41851e+09	1.41855e+09	1.41885e+09	1.41901e+09	1	0
204	0	1	1.42111e+09	1.42115e+09	1.42145e+09	1.42192e+09	0	1
205	1	1	1.43021e+09	1.43024e+09	1.43054e+09	1.43091e+09	1	0
206	0	1	1.43273e+09	1.43277e+09	1.43307e+09	1.43321e+09	0	1
207	1	1	1.43975e+09	1.43979e+09	1.44009e+09	1.44016e+09	0	1
208	1	1	1.44859e+09	1.44863e+09	1.44893e+09	1.45027e+09	1	0
209	0	2	1.45336e+09	1.4534e+09	1.4537e+09	1.45373e+09	1	1
210	0	2	1.45683e+09	1.45687e+09	1.45717e+09	1.45722e+09	1	1
211	0	1	1.4624e+09	1.46244e+09	1.46274e+09	1.46302e+09	1	0
212	0	2	1.46516e+09	1.4652e+09	1.4655e+09	1.4657e+09	1	1
213	0	2	1.47147e+09	1.47151e+09	1.47181e+09	1.47253e+09	0	0
214	1	2	1.47904e+09	1.47908e+09	1.47938e+09	1.47977e+09	0	0
215	1	2	1.48816e+09	1.48819e+09	1.48849e+09	1.48882e+09	0	0
216	1	2	1.49534e+09	1.49538e+09	1.49568e+09	1.49577e+09	1	1
217	0	1	1.49909e+09	1.49913e+09	1.49943e+09	1.49951e+09	0	1
218	1	1	1.50603e+09	1.50607e+09	1.50637e+09	1.5065e+09	0	1
219	1	1	1.51303e+09	1.51308e+09	1.51338e+09	1.51344e+09	0	1
220	1	1	1.51997e+09	1.52002e+09	1.52032e+09	1.52062e+09	1	0
221	0	1	1.52333e+09	1.52337e+09	1.52367e+09	1.52389e+09	1	0
222	0	1	1.52581e+09	1.52584e+09	1.52614e+09	1.52635e+09	1	0
223	0	1	1.53058e+09	1.53063e+09	1.53093e+09	1.53095e+09	0	1
224	1	1	1.53897e+09	1.53902e+09	1.53932e+09	1.53934e+09	0	1
225	1	1	1.54827e+09	1.54832e+09	1.54862e+09	1.54863e+09	0	1
226	1	1	1.55517e+09	1.55521e+09	1.55551e+09	1.55601e+09	1	0
227	0	2	1.55762e+09	1.55767e+09	1.55797e+09	1.57572e+09	1	1
228	0	1	1.57733e+09	1.57738e+09	1.57768e+09	1.57794e+09	1	0
229	0	1	1.57954e+09	1.57959e+09	1.57989e+09	1.58076e+09	1	0
230	0	2	1.58236e+09	1.5824e+09	1.5827e+09	1.60157e+09	0	0
231	1	2	1.61074e+09	1.61078e+09	1.61108e+09	1.61377e+09	0	0
232	1	2	1.62199e+09	1.62203e+09	1.62233e+09	1.62237e+09	1	1
233	0	1	1.62527e+09	1.62531e+09	1.62561e+09	1.62575e+09	1	0
234	0	2	1.62737e+09	1.62741e+09	1.62771e+09	1.62778e+09	1	1
235	0	1	1.6294e+09	1.62944e+09	1.62974e+09	1.62996e+09	0	1
236	1	1	1.63647e+09	1.63651e+09	1.63681e+09	1.63709e+09	1	0
237	0	2	1.63871e+09	1.63875e+09	1.63905e+09	1.63907e+09	1	1
238	0	2	1.64077e+09	1.6408e+09	1.6411e+09	1.64112e+09	1	1
239	0	2	1.64796e+09	1.648e+09	1.6483e+09	1.64861e+09	0	0
240	1	2	1.65588e+09	1.65592e+09	1.65622e+09	1.65623e+09	1	1
241	0	1	1.65795e+09	1.65799e+09	1.65829e+09	1.65835e+09	0	1
242	1	1	1.66569e+09	1.66573e+09	1.66603e+09	1.66606e+09	0	1
243	1	1	1.67622e+09	1.67626e+09	1.67656e+09	1.68195e+09	1	0
244	0	1	1.68491e+09	1.68495e+09	1.68525e+09	1.68544e+09	1	0
245	0	1	1.68705e+09	1.6871e+09	1.6874e+09	1.69732e+09	1	0
246	0	1	1.69943e+09	1.69947e+09	1.69977e+09	1.69982e+09	0	1
247	1	1	1.70634e+09	1.70638e+09	1.70668e+09	1.70669e+09	0	1
248	1	1	1.71321e+09	1.71325e+09	1.71355e+09	1.71379e+09	1	0
249	0	1	1.71736e+09	1.7174e+09	1.7177e+09	1.71787e+09	1	0
250	0	2	1.72272e+09	1.72277e+09	1.72307e+09	1.72309e+09	1	1
251	0	2	1.72498e+09	1.72502e+09	1.72532e+09	1.72534e+09	1	1
252	0	2	1.73256e+09	1.7326e+09	1.7329e+09	1.73317e+09	0	0
253	1	2	1.74022e+09	1.74026e+09	1.74056e+09	1.74058e+09	1	1
254	0	1	1.74246e+09	1.7425e+09	1.7428e+09	1.74315e+09	1	0
255	0	2	1.74656e+09	1.74659e+09	1.74689e+09	1.7474e+09	0	0
256	1	2	1.75478e+09	1.75482e+09	1.75512e+09	1.75517e+09	1	1
257	0	1	1.75859e+09	1.75863e+09	1.75893e+09	1.76122e+09	1	0
258	0	2	1.76411e+09	1.76415e+09	1.76445e+09	1.76446e+09	1	1
259	0	1	1.77051e+09	1.77056e+09	1.77086e+09	1.77128e+09	1	0
260	0	1	1.77325e+09	1.77329e+09	1.77359e+09	1.77371e+09	0	1
261	1	1	1.78022e+09	1.78026e+09	1.78056e+09	1.7859e+09	1	0
262	0	1	1.7879e+09	1.78794e+09	1.78824e+09	1.7926e+09	1	0
263	0	1	1.79477e+09	1.79481e+09	1.79511e+09	1.79993e+09	1	0
264	0	2	1.80206e+09	1.80209e+09	1.80239e+09	1.80242e+09	1	1
265	0	1	1.80415e+09	1.80419e+09	1.80449e+09	1.8045e+09	0	1
266	1	1	1.81228e+09	1.81232e+09	1.81262e+09	1.81304e+09	1	0
267	0	1	1.81509e+09	1.81512e+09	1.81542e+09	1.81543e+09	0	1
268	1	1	1.82499e+09	1.82503e+09	1.82533e+09	1.8263e+09	1	0
269	0	1	1.82949e+09	1.82953e+09	1.82983e+09	1.8301e+09	1	0
270	0	2	1.84069e+09	1.84073e+09	1.84103e+09	1.84128e+09	0	0
271	1	2	1.8478e+09	1.84784e+09	1.84814e+09	1.84839e+09	0	0
272	1	2	1.85789e+09	1.85793e+09	1.85823e+09	1.85852e+09	1	1
273	0	2	1.86067e+09	1.8607e+09	1.861e+09	1.86151e+09	0	0
274	1	2	1.86861e+09	1.86865e+09	1.86895e+09	1.86896e+09	1	1
275	0	2	1.87286e+09	1.87289e+09	1.87319e+09	1.87322e+09	1	1
276	0	1	1.87863e+09	1.87867e+09	1.87897e+09	1.8792e+09	1	0
277	0	1	1.88082e+09	1.88087e+09	1.88117e+09	1.88147e+09	1	0
278	0	1	1.88659e+09	1.88663e+09	1.88693e+09	1.8871e+09	1	0
279	0	2	1.89125e+09	1.89128e+09	1.89158e+09	1.89186e+09	0	0
280	1	2	1.89837e+09	1.89841e+09	1.89871e+09	1.89873e+09	1	1
281	0	1	1.90352e+09	1.90355e+09	1.90385e+09	1.90402e+09	1	0
282	0	2	1.90564e+09	1.90568e+09	1.90598e+09	1.906e+09	1	1
283	0	2	1.91128e+09	1.91132e+09	1.91162e+09	1.91176e+09	0	0
284	1	2	1.91827e+09	1.91831e+09	1.91861e+09	1.91882e+09	0	0
285	1	2	1.92665e+09	1.92669e+09	1.92699e+09	1.92988e+09	0	0
286	1	2	1.93678e+09	1.93681e+09	1.93711e+09	1.94628e+09	0	0
287	0	1	1.95281e+09	1.95286e+09	1.95316e+09	1.95322e+09	0	1
288	0	1	1.96623e+09	1.96628e+09	1.96658e+09	1.96662e+09	0	1
289	0	1	1.97787e+09	1.97791e+09	1.97821e+09	1.98023e+09	1	0
290	0	1	1.98298e+09	1.98302e+09	1.98332e+09	1.98333e+09	0	1
291	1	1	1.99232e+09	1.99237e+09	1.99267e+09	1.99319e+09	0	1
292	1	1	2.00501e+09	2.00505e+09	2.00535e+09	2.00539e+09	1	0
293	0	1	2.00701e+09	2.00705e+09	2.00735e+09	2.00843e+09	1	0
294	0	2	2.01164e+09	2.01168e+09	2.01198e+09	2.01217e+09	0	0
295	1	2	2.01973e+09	2.01976e+09	2.02006e+09	2.02035e+09	0	0
296	1	2	2.02687e+09	2.02691e+09	2.02721e+09	2.02726e+09	1	1
297	0	2	2.02911e+09	2.02914e+09	2.02944e+09	2.0295e+09	0	0
298	1	2	2.03602e+09	2.03606e+09	2.03636e+09	2.03638e+09	1	1
299	0	2	2.03847e+09	2.03851e+09	2.03881e+09	2.03889e+09	1	1
300	0	2	2.046e+09	2.04604e+09	2.04634e+09	2.04669e+09	0	0
301	1	2	2.05321e+09	2.05324e+09	2.05354e+09	2.05362e+09	1	1
302	0	1	2.05573e+09	2.05577e+09	2.05607e+09	2.05655e+09	1	0
303	0	1	2.05883e+09	2.05886e+09	2.05916e+09	2.06075e+09	1	0
304	0	2	2.06396e+09	2.064e+09	2.0643e+09	2.06434e+09	1	1
305	0	2	2.06748e+09	2.06751e+09	2.06781e+09	2.0681e+09	0	0
306	1	2	2.07536e+09	2.07539e+09	2.07569e+09	2.07576e+09	1	1
307	0	2	2.07774e+09	2.07777e+09	2.07807e+09	2.07852e+09	0	0
308	1	2	2.08622e+09	2.08626e+09	2.08656e+09	2.08657e+09	1	1
309	0	2	2.08839e+09	2.08843e+09	2.08873e+09	2.08911e+09	0	0
310	1	2	2.09593e+09	2.09598e+09	2.09628e+09	2.0963e+09	1	1
311	0	2	2.09837e+09	2.09841e+09	2.09871e+09	2.10133e+09	0	0
312	1	2	2.10928e+09	2.10932e+09	2.10962e+09	2.11543e+09	0	0
313	1	2	2.12195e+09	2.122e+09	2.1223e+09	2.12484e+09	0	0
314	1	2	2.13135e+09	2.13139e+09	2.13169e+09	2.13179e+09	1	1
315	0	2	2.13496e+09	2.135e+09	2.1353e+09	2.13542e+09	0	0
316	1	2	2.14415e+09	2.14418e+09	2.14448e+09	2.14702e+09	0	0
317	1	2	2.15412e+09	2.15415e+09	2.15445e+09	2.15719e+09	1	1
318	0	1	2.16197e+09	2.16201e+09	2.16231e+09	2.16258e+09	1	0
319	0	2	2.16485e+09	2.16489e+09	2.16519e+09	2.16531e+09	0	0
320	1	2	2.17309e+09	2.17313e+09	2.17343e+09	2.17585e+09	0	0
321	1	2	2.18238e+09	2.18242e+09	2.18272e+09	2.18277e+09	0	0
322	1	2	2.19026e+09	2.19031e+09	2.19061e+09	2.19874e+09	0	0
323	0	2	2.20525e+09	2.2053e+09	2.2056e+09	2.2057e+09	0	0
324	0	2	2.21222e+09	2.21226e+09	2.21256e+09	2.21362e+09	0	0
325	0	1	2.2253e+09	2.22534e+09	2.22564e+09	2.22996e+09	1	0
326	0	2	2.23593e+09	2.23596e+09	2.23626e+09	2.23784e+09	0	0
327	1	2	2.24584e+09	2.24589e+09	2.24619e+09	2.24702e+09	1	1
328	0	2	2.24863e+09	2.24868e+09	2.24898e+09	2.25051e+09	0	0
329	1	2	2.25703e+09	2.25706e+09	2.25736e+09	2.26187e+09	0	0
330	1	2	2.27002e+09	2.27006e+09	2.27036e+09	2.27605e+09	0	0
331	1	2	2.28439e+09	2.28444e+09	2.28474e+09	2.28908e+09	0	0
332	0	1	2.2956e+09	2.29564e+09	2.29594e+09	2.29714e+09	1	0
333	0	1	2.29884e+09	2.29888e+09	2.29918e+09	2.30855e+09	1	0
334	0	1	2.31126e+09	2.3113e+09	2.3116e+09	2.31232e+09	1	0
335	0	2	2.31401e+09	2.31405e+09	2.31435e+09	2.31686e+09	1	1
336	0	2	2.31897e+09	2.31901e+09	2.31931e+09	2.32082e+09	1	1
337	0	1	2.32285e+09	2.32289e+09	2.32319e+09	2.32376e+09	0	1
338	1	1	2.3324e+09	2.33245e+09	2.33275e+09	2.33719e+09	1	0
339	0	1	2.33984e+09	2.33988e+09	2.34018e+09	2.34442e+09	1	0
340	0	1	2.34881e+09	2.34885e+09	2.34915e+09	2.3502e+09	1	0
341	0	2	2.35182e+09	2.35187e+09	2.35217e+09	2.35662e+09	0	0
342	1	2	2.36814e+09	2.36818e+09	2.36848e+09	2.37207e+09	0	0
343	1	2	2.37859e+09	2.37862e+09	2.37892e+09	2.37919e+09	0	0
344	1	2	2.38602e+09	2.38606e+09	2.38636e+09	2.38653e+09	0	0
345	0	2	2.39374e+09	2.39378e+09	2.39408e+09	2.39873e+09	0	0
346	0	1	2.40524e+09	2.40528e+09	2.40558e+09	2.40685e+09	1	0
347	0	2	2.41126e+09	2.4113e+09	2.4116e+09	2.41635e+09	0	0
348	1	2	2.42345e+09	2.42348e+09	2.42378e+09	2.4278e+09	0	0
349	1	2	2.43431e+09	2.43435e+09	2.43465e+09	2.43841e+09	0	0
350	1	2	2.44492e+09	2.44496e+09	2.44526e+09	2.44693e+09	0	0
351	0	1	2.45344e+09	2.45348e+09	2.45378e+09	2.45403e+09	1	0
352	0	2	2.46056e+09	2.4606e+09	2.4609e+09	2.46296e+09	0	0
353	1	2	2.47098e+09	2.47103e+09	2.47133e+09	2.47457e+09	0	0
354	1	2	2.48419e+09	2.48423e+09	2.48453e+09	2.48826e+09	1	1
355	0	2	2.49252e+09	2.49256e+09	2.49286e+09	2.49595e+09	0	0
356	1	2	2.50246e+09	2.5025e+09	2.5028e+09	2.50751e+09	0	0
357	1	2	2.51402e+09	2.51406e+09	2.51436e+09	2.5144e+09	1	1
358	0	1	2.52503e+09	2.52507e+09	2.52537e+09	2.5296e+09	0	1
359	1	1	2.53887e+09	2.53891e+09	2.53921e+09	2.54035e+09	0	1
360	1	1	2.54809e+09	2.54813e+09	2.54843e+09	2.54884e+09	0	1
361	1	1	2.55774e+09	2.55778e+09	2.55808e+09	2.55928e+09	1	0
362	0	2	2.56356e+09	2.56361e+09	2.56391e+09	2.56534e+09	1	1
363	0	2	2.5681e+09	2.56814e+09	2.56844e+09	2.56883e+09	1	1
364	0	2	2.57201e+09	2.57205e+09	2.57235e+09	2.57551e+09	1	1
365	0	2	2.57726e+09	2.57729e+09	2.57759e+09	2.58022e+09	1	1
366	0	2	2.58218e+09	2.58222e+09	2.58252e+09	2.58751e+09	1	1
367	0	2	2.59047e+09	2.5905e+09	2.59081e+09	2.59121e+09	0	0
368	1	2	2.59969e+09	2.59973e+09	2.60003e+09	2.6008e+09	0	0
369	1	2	2.61257e+09	2.6126e+09	2.6129e+09	2.61292e+09	1	1
370	0	2	2.61558e+09	2.61563e+09	2.61593e+09	2.6163e+09	0	0
371	1	2	2.62282e+09	2.62286e+09	2.62316e+09	2.62555e+09	1	1
372	0	1	2.63014e+09	2.63018e+09	2.63048e+09	2.63054e+09	1	0
373	0	1	2.63259e+09	2.63262e+09	2.63292e+09	2.63335e+09	1	0
374	0	2	2.63619e+09	2.63622e+09	2.63652e+09	2.63676e+09	0	0
375	1	2	2.64713e+09	2.64718e+09	2.64748e+09	2.65165e+09	1	1
376	0	2	2.65689e+09	2.65693e+09	2.65723e+09	2.65728e+09	1	1
377	0	2	2.6632e+09	2.66324e+09	2.66354e+09	2.66574e+09	0	0
378	1	2	2.67228e+09	2.67232e+09	2.67262e+09	2.67517e+09	1	1
379	0	2	2.6785e+09	2.67853e+09	2.67883e+09	2.67887e+09	1	1
380	0	1	2.68286e+09	2.6829e+09	2.6832e+09	2.68752e+09	0	1
381	1	1	2.69405e+09	2.6941e+09	2.6944e+09	2.69653e+09	1	0
382	0	2	2.7031e+09	2.70313e+09	2.70343e+09	2.70619e+09	1	1
383	0	2	2.70812e+09	2.70817e+09	2.70847e+09	2.70896e+09	0	0
384	1	2	2.71734e+09	2.71738e+09	2.71768e+09	2.71918e+09	1	1
385	0	1	2.72402e+09	2.72407e+09	2.72437e+09	2.72493e+09	1	0
386	0	2	2.73571e+09	2.73575e+09	2.73605e+09	2.73905e+09	0	0
387	1	2	2.74754e+09	2.74757e+09	2.74787e+09	2.74842e+09	0	0
388	1	2	2.75567e+09	2.75572e+09	2.75602e+09	2.75896e+09	1	1
389	0	1	2.76242e+09	2.76246e+09	2.76276e+09	2.76291e+09	0	1
390	1	1	2.77218e+09	2.77222e+09	2.77252e+09	2.77525e+09	1	0
391	0	1	2.77944e+09	2.77947e+09	2.77977e+09	2.78285e+09	0	1
392	1	1	2.79214e+09	2.79219e+09	2.79249e+09	2.79524e+09	1	0
393	0	1	2.7998e+09	2.79984e+09	2.80014e+09	2.80036e+09	1	0
394	0	2	2.80411e+09	2.80415e+09	2.80445e+09	2.80494e+09	0	0
395	1	2	2.81798e+09	2.81802e+09	2.81832e+09	2.81845e+09	1	1
396	0	1	2.8214e+09	2.82145e+09	2.82175e+09	2.82179e+09	0	1
397	1	1	2.82884e+09	2.82888e+09	2.82918e+09	2.83179e+09	0	1
398	1	1	2.8383e+09	2.83834e+09	2.83864e+09	2.84003e+09	0	1
399	1	1	2.85075e+09	2.85079e+09	2.85109e+09	2.85369e+09	1	0
400	0	1	2.85675e+09	2.8568e+09	2.8571e+09	2.85713e+09	1	0
401	0	1	2.86309e+09	2.86314e+09	2.86344e+09	2.86587e+09	1	0
402	0	1	2.86759e+09	2.86764e+09	2.86794e+09	2.86796e+09	1	0
403	0	2	2.87328e+09	2.87332e+09	2.87362e+09	2.88046e+09	1	1
404	0	1	2.88367e+09	2.88371e+09	2.88401e+09	2.88825e+09	0	1
405	1	1	2.89545e+09	2.89548e+09	2.89578e+09	2.89941e+09	1	0
406	0	2	2.90676e+09	2.9068e+09	2.9071e+09	2.91135e+09	0	0
407	1	2	2.91787e+09	2.91791e+09	2.91821e+09	2.92029e+09	0	0
408	1	2	2.92682e+09	2.92687e+09	2.92717e+09	2.9314e+09	1	1
409	0	1	2.9344e+09	2.93443e+09	2.93473e+09	2.93775e+09	1	0
410	0	2	2.94015e+09	2.94019e+09	2.94049e+09	2.94168e+09	1	1
411	0	2	2.94332e+09	2.94337e+09	2.94367e+09	2.94558e+09	1	1
412	0	2	2.94906e+09	2.9491e+09	2.9494e+09	2.95354e+09	1	1
413	0	2	2.95776e+09	2.9578e+09	2.9581e+09	2.96518e+09	1	1
414	0	2	2.96985e+09	2.96989e+09	2.97019e+09	2.97621e+09	1	1
415	0	2	2.97858e+09	2.97863e+09	2.97893e+09	2.979e+09	0	0
416	1	2	2.98552e+09	2.98556e+09	2.98586e+09	2.99071e+09	0	0
417	1	2	2.99723e+09	2.99727e+09	2.99757e+09	2.99976e+09	1	1
418	0	1	3.00178e+09	3.00182e+09	3.00212e+09	3.00297e+09	0	1
419	1	1	3.0095e+09	3.00954e+09	3.00984e+09	3.014e+09	0	1
420	1	1	3.02134e+09	3.02138e+09	3.02168e+09	3.02344e+09	1	0
421	0	2	3.02651e+09	3.02654e+09	3.02684e+09	3.0272e+09	0	0
422	1	2	3.03372e+09	3.03376e+09	3.03406e+09	3.03438e+09	1	1
423	0	1	3.03602e+09	3.03607e+09	3.03637e+09	3.03713e+09	0	1
424	1	1	3.04612e+09	3.04615e+09	3.04645e+09	3.04998e+09	0	1
425	1	1	3.05917e+09	3.05921e+09	3.05951e+09	3.06605e+09	1	0
426	0	1	3.0679e+09	3.06794e+09	3.06825e+09	3.06842e+09	0	1
427	1	1	3.07496e+09	3.075e+09	3.0753e+09	3.07546e+09	1	0
428	0	2	3.07736e+09	3.07739e+09	3.07769e+09	3.0778e+09	1	1
429	0	2	3.08084e+09	3.08088e+09	3.08118e+09	3.08861e+09	1	1
430	0	2	3.09346e+09	3.0935e+09	3.0938e+09	3.10631e+09	1	1
431	0	1	3.10938e+09	3.10941e+09	3.10971e+09	3.11895e+09	0	1
432	1	1	3.13012e+09	3.13015e+09	3.13045e+09	3.13581e+09	0	1
433	1	1	3.14319e+09	3.14323e+09	3.14353e+09	3.14357e+09	0	1
434	1	1	3.15084e+09	3.15087e+09	3.15117e+09	3.15487e+09	1	0
435	0	2	3.16077e+09	3.16081e+09	3.16111e+09	3.16468e+09	1	1
436	0	2	3.16731e+09	3.16735e+09	3.16765e+09	3.16979e+09	1	1
437	0	2	3.17191e+09	3.17195e+09	3.17225e+09	3.17688e+09	1	1
438	0	1	3.18074e+09	3.18078e+09	3.18108e+09	3.1831e+09	0	1
439	1	1	3.19076e+09	3.1908e+09	3.1911e+09	3.19684e+09	1	0
440	0	1	3.19848e+09	3.19852e+09	3.19882e+09	3.19927e+09	0	1
441	1	1	3.20579e+09	3.20583e+09	3.20613e+09	3.20665e+09	0	1
442	1	1	3.21412e+09	3.21416e+09	3.21446e+09	3.21795e+09	0	1
443	1	1	3.22666e+09	3.22671e+09	3.22701e+09	3.22981e+09	0	1
444	0	1	3.2374e+09	3.23743e+09	3.23773e+09	3.23778e+09	0	1
445	0	1	3.2443e+09	3.24433e+09	3.24464e+09	3.24496e+09	0	1
446	0	1	3.25148e+09	3.25152e+09	3.25182e+09	3.25184e+09	1	0
447	0	1	3.25476e+09	3.2548e+09	3.2551e+09	3.25597e+09	0	1
448	1	1	3.26249e+09	3.26252e+09	3.26282e+09	3.26732e+09	0	1
449	1	1	3.27383e+09	3.27387e+09	3.27417e+09	3.27585e+09	1	0
450	0	1	3.27987e+09	3.27992e+09	3.28022e+09	3.28194e+09	0	1
451	1	1	3.28847e+09	3.28852e+09	3.28882e+09	3.29125e+09	0	1
452	1	1	3.29777e+09	3.2978e+09	3.2981e+09	3.29819e+09	1	0
453	0	1	3.3025e+09	3.30255e+09	3.30285e+09	3.30642e+09	0	1
454	1	1	3.31428e+09	3.31432e+09	3.31462e+09	3.31552e+09	1	0
455	0	1	3.3186e+09	3.31863e+09	3.31893e+09	3.3221e+09	0	1
456	1	1	3.32862e+09	3.32866e+09	3.32896e+09	3.32915e+09	0	1
457	1	1	3.33651e+09	3.33655e+09	3.33685e+09	3.33708e+09	0	1
458	1	1	3.34496e+09	3.34499e+09	3.3453e+09	3.34839e+09	0	1
459	0	2	3.35681e+09	3.35685e+09	3.35715e+09	3.36147e+09	0	0
460	0	2	3.37008e+09	3.37011e+09	3.37041e+09	3.37608e+09	0	0
461	0	1	3.3826e+09	3.38264e+09	3.38294e+09	3.38305e+09	0	1
462	0	1	3.38956e+09	3.3896e+09	3.3899e+09	3.39009e+09	1	0
463	0	1	3.39333e+09	3.39338e+09	3.39368e+09	3.39536e+09	1	0
464	0	1	3.39818e+09	3.39822e+09	3.39852e+09	3.39855e+09	0	1
465	1	1	3.40508e+09	3.40512e+09	3.40542e+09	3.40567e+09	0	1
466	1	1	3.41424e+09	3.41429e+09	3.41459e+09	3.41827e+09	1	0
467	0	1	3.42071e+09	3.42075e+09	3.42105e+09	3.42239e+09	1	0
468	0	1	3.42425e+09	3.42428e+09	3.42458e+09	3.42739e+09	1	0
469	0	1	3.42987e+09	3.42991e+09	3.43021e+09	3.43286e+09	1	0
470	0	1	3.43743e+09	3.43748e+09	3.43778e+09	3.44216e+09	1	0
471	0	1	3.44441e+09	3.44446e+09	3.44476e+09	3.44498e+09	1	0
472	0	1	3.44672e+09	3.44675e+09	3.44705e+09	3.45387e+09	1	0
473	0	1	3.45609e+09	3.45613e+09	3.45643e+09	3.46164e+09	0	1
474	1	1	3.47056e+09	3.4706e+09	3.4709e+09	3.47809e+09	0	1
475	1	1	3.485e+09	3.48504e+09	3.48534e+09	3.48539e+09	0	1
476	1	1	3.49201e+09	3.49205e+09	3.49235e+09	3.49341e+09	1	0
477	0	1	3.49545e+09	3.49549e+09	3.49579e+09	3.49882e+09	0	1
478	1	1	3.5072e+09	3.50724e+09	3.50754e+09	3.5104e+09	0	1
479	1	1	3.51745e+09	3.5175e+09	3.5178e+09	3.52287e+09	1	0
480	0	2	3.52733e+09	3.52736e+09	3.52766e+09	3.53196e+09	1	1
481	0	2	3.53371e+09	3.53375e+09	3.53405e+09	3.54174e+09	1	1
482	0	2	3.54595e+09	3.54599e+09	3.54629e+09	3.54635e+09	1	1
483	0	1	3.55025e+09	3.5503e+09	3.5506e+09	3.55442e+09	1	0
484	0	2	3.55687e+09	3.55691e+09	3.55721e+09	3.55838e+09	1	1
485	0	1	3.56052e+09	3.56057e+09	3.56087e+09	3.56299e+09	0	1
486	1	1	3.56985e+09	3.56989e+09	3.57019e+09	3.57674e+09	0	1
487	1	1	3.58544e+09	3.58548e+09	3.58578e+09	3.59319e+09	0	1
488	1	1	3.59971e+09	3.59975e+09	3.60005e+09	3.6096e+09	1	0
489	0	1	3.61481e+09	3.61485e+09	3.61515e+09	3.61812e+09	0	1
490	1	1	3.62463e+09	3.62467e+09	3.62497e+09	3.62932e+09	1	0
491	0	2	3.63138e+09	3.63142e+09	3.63172e+09	3.63206e+09	1	1
492	0	2	3.63451e+09	3.63454e+09	3.63484e+09	3.63949e+09	1	1
493	0	1	3.64286e+09	3.64289e+09	3.64319e+09	3.64422e+09	1	0
494	0	2	3.64587e+09	3.64591e+09	3.64621e+09	3.65208e+09	1	1
495	0	2	3.65779e+09	3.65783e+09	3.65813e+09	3.66285e+09	1	1
496	0	2	3.66876e+09	3.6688e+09	3.6691e+09	3.67118e+09	0	0
497	1	2	3.6777e+09	3.67774e+09	3.67804e+09	3.68026e+09	1	1
498	0	1	3.68258e+09	3.68262e+09	3.68292e+09	3.68477e+09	0	1
499	1	1	3.69161e+09	3.69165e+09	3.69195e+09	3.69214e+09	1	0
500	0	1	3.69492e+09	3.69496e+09	3.69526e+09	3.69573e+09	0	1
501	1	1	3.70225e+09	3.70229e+09	3.70259e+09	3.7029e+09	0	1
502	1	1	3.7128e+09	3.71284e+09	3.71314e+09	3.71801e+09	0	1
503	1	1	3.72453e+09	3.72457e+09	3.72487e+09	3.72641e+09	0	1