
001	0	1	8.21556e+06	8.257e+06	8.55856e+06	8.80028e+06	1
002	0	1	1.15262e+07	1.15623e+07	1.18626e+07	1.19242e+07	1
003	0	1	1.61485e+07	1.61927e+07	1.6493e+07	1.92944e+07	1
004	0	1	2.14252e+07	2.1465e+07	2.17652e+07	2.32337e+07	1
005	0	2	2.58017e+07	2.58458e+07	2.61461e+07	2.84901e+07	0
006	1	2	3.54642e+07	3.54949e+07	3.57952e+07	3.69206e+07	0
007	1	1	4.40197e+07	4.40578e+07	4.43581e+07	4.63124e+07	1
008	0	1	5.25374e+07	5.25807e+07	5.28809e+07	5.30677e+07	1
009	0	1	5.72549e+07	5.72925e+07	5.75927e+07	5.95597e+07	0
010	1	2	6.55749e+07	6.56099e+07	6.59101e+07	6.6034e+07	1
011	0	1	7.06243e+07	7.06606e+07	7.09609e+07	7.11277e+07	0
012	1	2	7.74564e+07	7.74888e+07	7.7789e+07	7.79356e+07	0
013	1	1	8.52347e+07	8.52737e+07	8.5574e+07	8.57532e+07	1
014	0	2	8.87265e+07	8.87685e+07	8.90688e+07	8.9723e+07	1
015	0	2	9.30488e+07	9.30894e+07	9.33896e+07	9.37273e+07	1
016	0	1	9.68284e+07	9.68737e+07	9.7174e+07	9.74218e+07	0
017	1	2	1.03436e+08	1.03474e+08	1.03774e+08	1.04572e+08	1
018	0	1	1.06767e+08	1.06802e+08	1.07102e+08	1.07182e+08	1
019	0	2	1.10369e+08	1.1041e+08	1.1071e+08	1.10796e+08	0
020	1	2	1.16812e+08	1.1685e+08	1.1715e+08	1.17433e+08	1
021	0	2	1.20653e+08	1.20702e+08	1.21003e+08	1.211e+08	1
022	0	1	1.23743e+08	1.2379e+08	1.2409e+08	1.24204e+08	0
023	1	1	1.31138e+08	1.31183e+08	1.31483e+08	1.35093e+08	0
024	1	1	1.41593e+08	1.41631e+08	1.41931e+08	1.42004e+08	0
025	1	2	1.48559e+08	1.48601e+08	1.48901e+08	1.49289e+08	1
026	0	1	1.51672e+08	1.51703e+08	1.52004e+08	1.52289e+08	0
027	1	1	1.59727e+08	1.59762e+08	1.60062e+08	1.63919e+08	1
028	0	1	1.66864e+08	1.66906e+08	1.67206e+08	1.6773e+08	0
029	1	2	1.73743e+08	1.73781e+08	1.74081e+08	1.74436e+08	0
030	1	2	1.81056e+08	1.81092e+08	1.81393e+08	1.84032e+08	0
031	1	1	1.92318e+08	1.92352e+08	1.92652e+08	1.93287e+08	1
032	0	1	1.95297e+08	1.95334e+08	1.95635e+08	1.96617e+08	1
033	0	1	1.99443e+08	1.99486e+08	1.99786e+08	1.99998e+08	0
034	1	2	2.06989e+08	2.07029e+08	2.07329e+08	2.08034e+08	1
035	0	2	2.11299e+08	2.11343e+08	2.11644e+08	2.12244e+08	1
036	0	2	2.1332e+08	2.13354e+08	2.13655e+08	2.2537e+08	1
037	0	2	2.27337e+08	2.27378e+08	2.27678e+08	2.31652e+08	0
038	1	2	2.39693e+08	2.39732e+08	2.40032e+08	2.40649e+08	0
039	1	1	2.48652e+08	2.48688e+08	2.48988e+08	2.50343e+08	0
040	1	1	2.56733e+08	2.56779e+08	2.57079e+08	2.57107e+08	1
041	0	2	2.62381e+08	2.62418e+08	2.62718e+08	2.63266e+08	0
042	1	2	2.69303e+08	2.69349e+08	2.69649e+08	2.72688e+08	0
043	1	2	2.80865e+08	2.80899e+08	2.812e+08	2.81218e+08	0
044	1	1	2.88479e+08	2.8852e+08	2.8882e+08	2.9217e+08	1
045	0	1	2.9324e+08	2.93275e+08	2.93575e+08	2.94305e+08	1
046	0	1	2.98913e+08	2.98959e+08	2.9926e+08	3.00517e+08	1
047	0	1	3.01625e+08	3.01665e+08	3.01966e+08	3.04746e+08	1
048	0	1	3.13814e+08	3.13858e+08	3.14158e+08	3.14708e+08	1
049	0	2	3.17945e+08	3.17977e+08	3.18278e+08	3.20131e+08	0
050	1	1	3.2892e+08	3.28955e+08	3.29256e+08	3.33005e+08	1
051	0	2	3.34194e+08	3.3423e+08	3.34531e+08	3.37193e+08	0
052	1	2	3.51457e+08	3.51498e+08	3.51798e+08	3.52027e+08	1
053	0	2	3.63724e+08	3.63764e+08	3.64064e+08	3.64682e+08	1
054	0	1	3.67347e+08	3.67378e+08	3.67679e+08	3.71711e+08	1
055	0	1	3.72816e+08	3.72864e+08	3.73164e+08	3.78369e+08	0
056	1	2	3.84785e+08	3.84827e+08	3.85127e+08	3.86025e+08	1
057	0	1	3.90343e+08	3.90377e+08	3.90677e+08	3.90965e+08	1
058	0	1	3.99219e+08	3.99256e+08	3.99556e+08	3.99698e+08	0
059	1	2	4.05716e+08	4.05755e+08	4.06055e+08	4.06184e+08	1
060	0	2	4.10542e+08	4.10575e+08	4.10875e+08	4.10965e+08	1
061	0	1	4.14301e+08	4.14348e+08	4.14649e+08	4.14724e+08	0
062	1	2	4.23251e+08	4.23286e+08	4.23586e+08	4.2362e+08	1
063	0	1	4.26176e+08	4.26209e+08	4.26509e+08	4.26688e+08	0
064	1	1	4.33869e+08	4.33901e+08	4.34202e+08	4.34678e+08	0
065	1	1	4.40706e+08	4.40751e+08	4.41051e+08	4.47139e+08	0
066	1	1	4.54536e+08	4.54581e+08	4.54881e+08	4.54943e+08	0
067	1	2	4.63306e+08	4.63342e+08	4.63643e+08	4.63729e+08	1
068	0	1	4.74848e+08	4.74893e+08	4.75193e+08	4.81848e+08	1
069	0	1	4.86043e+08	4.86081e+08	4.86381e+08	4.87862e+08	0
070	1	2	4.93879e+08	4.9392e+08	4.94221e+08	4.95465e+08	0
071	1	1	5.01481e+08	5.0152e+08	5.0182e+08	5.11538e+08	0
072	1	1	5.17875e+08	5.17913e+08	5.18213e+08	5.28822e+08	0
073	1	1	5.37102e+08	5.37141e+08	5.37441e+08	5.37853e+08	0
074	1	1	5.43885e+08	5.43933e+08	5.44233e+08	5.4441e+08	0
075	1	2	5.52832e+08	5.52873e+08	5.53174e+08	5.53252e+08	0
076	1	2	5.60268e+08	5.60309e+08	5.60609e+08	5.67533e+08	0
077	1	1	5.73549e+08	5.73587e+08	5.73888e+08	5.74379e+08	0
078	1	2	5.83467e+08	5.83498e+08	5.83798e+08	5.84603e+08	1
079	0	2	5.86115e+08	5.86152e+08	5.86452e+08	5.89736e+08	1
080	0	2	5.93749e+08	5.9379e+08	5.94091e+08	5.94849e+08	0
081	1	1	6.02356e+08	6.024e+08	6.027e+08	6.03516e+08	1
082	0	1	6.05347e+08	6.05389e+08	6.05689e+08	6.1227e+08	1
083	0	1	6.1988e+08	6.19921e+08	6.20221e+08	6.22431e+08	0
084	1	1	6.30319e+08	6.30365e+08	6.30665e+08	6.33955e+08	0
085	1	2	6.3997e+08	6.4001e+08	6.4031e+08	6.40745e+08	0
086	1	1	6.50649e+08	6.50696e+08	6.50996e+08	6.51208e+08	0
087	1	2	6.59939e+08	6.59985e+08	6.60285e+08	6.63346e+08	1
088	0	1	6.65688e+08	6.65722e+08	6.66022e+08	6.66441e+08	0
089	1	1	6.74728e+08	6.74772e+08	6.75072e+08	6.82915e+08	0
090	1	2	6.92044e+08	6.92084e+08	6.92384e+08	6.92433e+08	0
091	1	1	6.99308e+08	6.99346e+08	6.99646e+08	6.9983e+08	0
092	1	2	7.05841e+08	7.05881e+08	7.06181e+08	7.07163e+08	0
093	1	1	7.13179e+08	7.13219e+08	7.13519e+08	7.13606e+08	0
094	1	2	7.19622e+08	7.19661e+08	7.19961e+08	7.2004e+08	0
095	1	1	7.26692e+08	7.26736e+08	7.27036e+08	7.27507e+08	1
096	0	2	7.32086e+08	7.32119e+08	7.32419e+08	7.32816e+08	0
097	1	1	7.41615e+08	7.41657e+08	7.41958e+08	7.42379e+08	1
098	0	1	7.45856e+08	7.45889e+08	7.46189e+08	7.46329e+08	0
099	1	1	7.52345e+08	7.52386e+08	7.52686e+08	7.53087e+08	1
100	0	2	7.55887e+08	7.55921e+08	7.56221e+08	7.56379e+08	1
101	0	2	7.67544e+08	7.6759e+08	7.67891e+08	7.6804e+08	1
102	0	1	7.70611e+08	7.70646e+08	7.70946e+08	7.72078e+08	0
103	1	2	7.78112e+08	7.78159e+08	7.78459e+08	7.8779e+08	1
104	0	1	7.91459e+08	7.91491e+08	7.91791e+08	7.92475e+08	1
105	0	1	7.94339e+08	7.94381e+08	7.94682e+08	7.96027e+08	0
106	1	1	8.03621e+08	8.03661e+08	8.03961e+08	8.04123e+08	0
107	1	1	8.1014e+08	8.10177e+08	8.10477e+08	8.11712e+08	0
108	1	2	8.17943e+08	8.17982e+08	8.18282e+08	8.20556e+08	1
109	0	2	8.269e+08	8.26944e+08	8.27244e+08	8.27386e+08	1
110	0	2	8.32929e+08	8.32978e+08	8.33278e+08	8.41445e+08	0
111	1	1	8.52166e+08	8.52207e+08	8.52507e+08	8.52729e+08	0
112	1	1	8.59485e+08	8.59524e+08	8.59825e+08	8.59888e+08	1
113	0	2	8.62196e+08	8.62236e+08	8.62536e+08	8.65897e+08	0
114	1	2	8.72287e+08	8.72333e+08	8.72634e+08	8.72708e+08	1
115	0	1	8.82494e+08	8.82528e+08	8.82829e+08	8.82937e+08	0
116	1	2	8.90761e+08	8.90807e+08	8.91107e+08	8.91526e+08	0
117	1	1	8.98398e+08	8.9844e+08	8.9874e+08	8.98883e+08	0
118	1	2	9.049e+08	9.04938e+08	9.05239e+08	9.05436e+08	1
119	0	2	9.07698e+08	9.07742e+08	9.08042e+08	9.08148e+08	1
120	0	1	9.10194e+08	9.10235e+08	9.10535e+08	9.13046e+08	1
121	0	1	9.16179e+08	9.16219e+08	9.1652e+08	9.19683e+08	0
122	1	2	9.25701e+08	9.2574e+08	9.26041e+08	9.32171e+08	1
123	0	1	9.34599e+08	9.34642e+08	9.34943e+08	9.3602e+08	0
124	1	2	9.42036e+08	9.42074e+08	9.42374e+08	9.43102e+08	0
125	1	2	9.52355e+08	9.52399e+08	9.527e+08	9.54631e+08	0
126	1	1	9.62048e+08	9.62086e+08	9.62386e+08	9.66606e+08	1
127	0	2	9.68719e+08	9.68756e+08	9.69057e+08	9.7093e+08	1
128	0	1	9.75214e+08	9.75262e+08	9.75562e+08	9.78138e+08	1
129	0	1	9.80253e+08	9.80291e+08	9.80591e+08	9.82023e+08	1
130	0	1	9.85265e+08	9.85299e+08	9.85599e+08	9.91299e+08	0
131	1	2	1.00138e+09	1.00142e+09	1.00172e+09	1.00183e+09	0
132	1	2	1.00859e+09	1.00863e+09	1.00893e+09	1.00914e+09	1
133	0	1	1.0135e+09	1.01355e+09	1.01385e+09	1.01412e+09	0
134	1	1	1.0206e+09	1.02064e+09	1.02094e+09	1.02136e+09	0
135	1	1	1.02809e+09	1.02812e+09	1.02842e+09	1.02985e+09	0
136	1	1	1.03705e+09	1.03708e+09	1.03738e+09	1.03751e+09	1
137	0	1	1.04311e+09	1.04314e+09	1.04344e+09	1.04407e+09	1
138	0	1	1.0509e+09	1.05095e+09	1.05125e+09	1.05233e+09	1
139	0	1	1.05494e+09	1.05498e+09	1.05528e+09	1.05975e+09	1
140	0	1	1.06847e+09	1.06851e+09	1.06881e+09	1.06925e+09	1
141	0	2	1.07437e+09	1.07441e+09	1.07471e+09	1.07529e+09	0
142	1	1	1.08131e+09	1.08135e+09	1.08165e+09	1.08273e+09	0
143	1	1	1.08934e+09	1.08939e+09	1.08969e+09	1.09086e+09	0
144	1	2	1.09803e+09	1.09807e+09	1.09837e+09	1.0987e+09	0
145	1	2	1.10472e+09	1.10475e+09	1.10505e+09	1.1055e+09	0
146	1	2	1.11286e+09	1.1129e+09	1.1132e+09	1.1134e+09	0
147	1	2	1.11942e+09	1.11947e+09	1.11977e+09	1.13297e+09	0
148	1	2	1.1395e+09	1.13954e+09	1.13984e+09	1.13989e+09	1
149	0	2	1.14189e+09	1.14192e+09	1.14222e+09	1.14261e+09	1
150	0	1	1.14716e+09	1.14721e+09	1.14751e+09	1.14756e+09	0
151	1	2	1.15357e+09	1.15361e+09	1.15391e+09	1.15963e+09	1
152	0	2	1.16204e+09	1.16208e+09	1.16238e+09	1.16348e+09	0
153	1	2	1.17008e+09	1.17012e+09	1.17042e+09	1.17442e+09	1
154	0	1	1.17744e+09	1.17748e+09	1.17778e+09	1.18192e+09	0
155	1	1	1.18793e+09	1.18797e+09	1.18827e+09	1.1891e+09	0
156	1	1	1.19619e+09	1.19623e+09	1.19653e+09	1.19713e+09	1
157	0	1	1.20077e+09	1.2008e+09	1.2011e+09	1.20356e+09	1
158	0	2	1.20936e+09	1.2094e+09	1.2097e+09	1.21051e+09	0
159	1	2	1.21686e+09	1.2169e+09	1.2172e+09	1.21899e+09	1
160	0	1	1.2223e+09	1.22234e+09	1.22265e+09	1.2232e+09	0
161	1	1	1.22968e+09	1.22971e+09	1.23001e+09	1.23004e+09	1
162	0	1	1.23476e+09	1.23479e+09	1.23509e+09	1.23825e+09	0
163	1	1	1.24429e+09	1.24433e+09	1.24463e+09	1.24508e+09	0
164	1	2	1.254e+09	1.25405e+09	1.25435e+09	1.25472e+09	0
165	1	1	1.26529e+09	1.26534e+09	1.26564e+09	1.26587e+09	0
166	1	1	1.27349e+09	1.27352e+09	1.27382e+09	1.27385e+09	1
167	0	1	1.27552e+09	1.27556e+09	1.27586e+09	1.27634e+09	1
168	0	2	1.28248e+09	1.28252e+09	1.28282e+09	1.28316e+09	1
169	0	1	1.28857e+09	1.28861e+09	1.28891e+09	1.28922e+09	0
170	1	2	1.29615e+09	1.29618e+09	1.29648e+09	1.29662e+09	0
171	1	2	1.30264e+09	1.30267e+09	1.30298e+09	1.30373e+09	0
172	1	2	1.31135e+09	1.31139e+09	1.31169e+09	1.31181e+09	1
173	0	1	1.31858e+09	1.31861e+09	1.31891e+09	1.32176e+09	0
174	1	2	1.32778e+09	1.32782e+09	1.32812e+09	1.32828e+09	0
175	1	2	1.33503e+09	1.33507e+09	1.33537e+09	1.33617e+09	1
176	0	2	1.33749e+09	1.33754e+09	1.33784e+09	1.34277e+09	1
177	0	2	1.35597e+09	1.356e+09	1.3563e+09	1.36166e+09	1
178	0	2	1.36865e+09	1.3687e+09	1.369e+09	1.36913e+09	1
179	0	2	1.37628e+09	1.37632e+09	1.37662e+09	1.37732e+09	0
180	1	1	1.38812e+09	1.38815e+09	1.38845e+09	1.3886e+09	1
181	0	2	1.39218e+09	1.39222e+09	1.39252e+09	1.39258e+09	1
182	0	1	1.40289e+09	1.40294e+09	1.40324e+09	1.40343e+09	0
183	1	2	1.41356e+09	1.4136e+09	1.4139e+09	1.41424e+09	0
184	1	2	1.42174e+09	1.42179e+09	1.42209e+09	1.42216e+09	1
185	0	1	1.42446e+09	1.42449e+09	1.42479e+09	1.42493e+09	0
186	1	1	1.43094e+09	1.43098e+09	1.43128e+09	1.43148e+09	0
187	1	1	1.43875e+09	1.4388e+09	1.4391e+09	1.43983e+09	0
188	1	1	1.44653e+09	1.44657e+09	1.44687e+09	1.44856e+09	0
189	1	1	1.45467e+09	1.45472e+09	1.45502e+09	1.45533e+09	0
190	1	2	1.46387e+09	1.46391e+09	1.46421e+09	1.46447e+09	1
191	0	1	1.46932e+09	1.46936e+09	1.46966e+09	1.46977e+09	0
192	1	2	1.47676e+09	1.4768e+09	1.4771e+09	1.47796e+09	0
193	1	1	1.48733e+09	1.48737e+09	1.48767e+09	1.4879e+09	0
194	1	1	1.49545e+09	1.49548e+09	1.49578e+09	1.49591e+09	0
195	1	2	1.50193e+09	1.50197e+09	1.50227e+09	1.50267e+09	1
196	0	1	1.50711e+09	1.50715e+09	1.50745e+09	1.50835e+09	0
197	1	1	1.51564e+09	1.51568e+09	1.51598e+09	1.52676e+09	0
198	1	1	1.54019e+09	1.54022e+09	1.54053e+09	1.54131e+09	1
199	0	2	1.54498e+09	1.54502e+09	1.54532e+09	1.54705e+09	0
200	1	2	1.55507e+09	1.5551e+09	1.5554e+09	1.55749e+09	0
201	1	2	1.56622e+09	1.56625e+09	1.56655e+09	1.56687e+09	0
202	1	1	1.57458e+09	1.57463e+09	1.57493e+09	1.575e+09	0
203	1	2	1.58347e+09	1.5835e+09	1.5838e+09	1.58604e+09	0
204	1	1	1.59207e+09	1.59212e+09	1.59242e+09	1.59246e+09	1
205	0	2	1.59665e+09	1.59669e+09	1.59699e+09	1.59708e+09	1
206	0	2	1.60774e+09	1.60777e+09	1.60807e+09	1.60824e+09	0
207	1	2	1.61485e+09	1.61489e+09	1.61519e+09	1.61538e+09	0
208	1	2	1.62161e+09	1.62165e+09	1.62195e+09	1.6223e+09	0
209	1	2	1.6289e+09	1.62893e+09	1.62923e+09	1.62996e+09	1
210	0	2	1.63254e+09	1.63259e+09	1.63289e+09	1.63385e+09	0
211	1	1	1.63986e+09	1.6399e+09	1.6402e+09	1.64101e+09	1
212	0	1	1.64767e+09	1.64771e+09	1.64801e+09	1.64807e+09	1
213	0	1	1.65209e+09	1.65212e+09	1.65242e+09	1.65291e+09	1
214	0	2	1.65626e+09	1.65631e+09	1.65661e+09	1.6568e+09	1
215	0	1	1.66688e+09	1.66692e+09	1.66722e+09	1.66874e+09	1
216	0	1	1.66984e+09	1.66987e+09	1.67017e+09	1.67052e+09	1
217	0	1	1.67868e+09	1.67872e+09	1.67902e+09	1.67965e+09	1
218	0	1	1.68696e+09	1.68699e+09	1.68729e+09	1.68753e+09	0
219	1	1	1.70533e+09	1.70538e+09	1.70568e+09	1.70626e+09	0
220	1	2	1.71648e+09	1.71653e+09	1.71683e+09	1.71697e+09	1
221	0	2	1.71947e+09	1.71951e+09	1.71981e+09	1.72012e+09	0
222	1	2	1.72809e+09	1.72814e+09	1.72844e+09	1.72935e+09	1
223	0	1	1.73399e+09	1.73404e+09	1.73434e+09	1.73469e+09	0
224	1	1	1.74451e+09	1.74455e+09	1.74485e+09	1.74499e+09	1
225	0	2	1.74804e+09	1.74808e+09	1.74838e+09	1.74868e+09	1
226	0	2	1.75737e+09	1.75741e+09	1.75771e+09	1.75791e+09	1
227	0	1	1.75986e+09	1.7599e+09	1.7602e+09	1.76024e+09	0
228	1	2	1.76636e+09	1.7664e+09	1.7667e+09	1.76684e+09	1
229	0	1	1.77136e+09	1.7714e+09	1.7717e+09	1.77181e+09	1
230	0	2	1.7746e+09	1.77464e+09	1.77494e+09	1.77532e+09	1
231	0	2	1.78302e+09	1.78306e+09	1.78336e+09	1.7851e+09	1
232	0	2	1.78711e+09	1.78715e+09	1.78745e+09	1.78754e+09	1
233	0	2	1.78969e+09	1.78973e+09	1.79003e+09	1.79077e+09	1
234	0	2	1.79366e+09	1.7937e+09	1.794e+09	1.79498e+09	1
235	0	2	1.80042e+09	1.80046e+09	1.80076e+09	1.80088e+09	1
236	0	1	1.80527e+09	1.80531e+09	1.80561e+09	1.80604e+09	1
237	0	1	1.81076e+09	1.81079e+09	1.8111e+09	1.81217e+09	1
238	0	2	1.81477e+09	1.81481e+09	1.81511e+09	1.81542e+09	0
239	1	2	1.82336e+09	1.8234e+09	1.8237e+09	1.82422e+09	0
240	1	2	1.83102e+09	1.83106e+09	1.83136e+09	1.83146e+09	1
241	0	1	1.83971e+09	1.83975e+09	1.84005e+09	1.84038e+09	1
242	0	1	1.84963e+09	1.84967e+09	1.84997e+09	1.85022e+09	0
243	1	1	1.85859e+09	1.85864e+09	1.85894e+09	1.85909e+09	0
244	1	2	1.86513e+09	1.86517e+09	1.86547e+09	1.8672e+09	1
245	0	1	1.86859e+09	1.86863e+09	1.86893e+09	1.86954e+09	1
246	0	1	1.87167e+09	1.87171e+09	1.87201e+09	1.87206e+09	0
247	1	1	1.88557e+09	1.88561e+09	1.88591e+09	1.89027e+09	1
248	0	2	1.8946e+09	1.89464e+09	1.89494e+09	1.89573e+09	0
249	1	1	1.90226e+09	1.90231e+09	1.90261e+09	1.91106e+09	1
250	0	2	1.91992e+09	1.91996e+09	1.92026e+09	1.92032e+09	1
251	0	2	1.92219e+09	1.92223e+09	1.92253e+09	1.92453e+09	0
252	1	2	1.93182e+09	1.93185e+09	1.93215e+09	1.93248e+09	0
253	1	1	1.94001e+09	1.94005e+09	1.94035e+09	1.94069e+09	1
254	0	2	1.94512e+09	1.94516e+09	1.94546e+09	1.94674e+09	0
255	1	2	1.95393e+09	1.95398e+09	1.95428e+09	1.95521e+09	0
256	1	1	1.96123e+09	1.96127e+09	1.96157e+09	1.96229e+09	1
257	0	2	1.96964e+09	1.96968e+09	1.96998e+09	1.97259e+09	1
258	0	2	1.97486e+09	1.9749e+09	1.9752e+09	1.98174e+09	0
259	1	1	1.98775e+09	1.98779e+09	1.98809e+09	1.99302e+09	1
260	0	1	1.99492e+09	1.99495e+09	1.99525e+09	1.99531e+09	1
261	0	2	1.99968e+09	1.99972e+09	2.00002e+09	2.0007e+09	1
262	0	2	2.00681e+09	2.00684e+09	2.00714e+09	2.01039e+09	0
263	1	1	2.01641e+09	2.01644e+09	2.01674e+09	2.01863e+09	0
264	1	1	2.02464e+09	2.02468e+09	2.02498e+09	2.03198e+09	0
265	1	1	2.03921e+09	2.03925e+09	2.03955e+09	2.04002e+09	0
266	1	1	2.04623e+09	2.04627e+09	2.04657e+09	2.05229e+09	0
267	1	1	2.05832e+09	2.05836e+09	2.05866e+09	2.0635e+09	0
268	1	2	2.06951e+09	2.06955e+09	2.06985e+09	2.0699e+09	1
269	0	2	2.0727e+09	2.07275e+09	2.07305e+09	2.08496e+09	1
270	0	1	2.08915e+09	2.0892e+09	2.0895e+09	2.09894e+09	0
271	1	1	2.10563e+09	2.10568e+09	2.10598e+09	2.10621e+09	0
272	1	1	2.11274e+09	2.11277e+09	2.11307e+09	2.12051e+09	0
273	1	2	2.12653e+09	2.12657e+09	2.12687e+09	2.12739e+09	0
274	1	2	2.13341e+09	2.13345e+09	2.13375e+09	2.13603e+09	1
275	0	1	2.14183e+09	2.14187e+09	2.14217e+09	2.16072e+09	0
276	1	2	2.16675e+09	2.1668e+09	2.1671e+09	2.18209e+09	1
277	0	2	2.18492e+09	2.18496e+09	2.18526e+09	2.19055e+09	0
278	1	2	2.19706e+09	2.19711e+09	2.19741e+09	2.22105e+09	0
279	1	2	2.22708e+09	2.22712e+09	2.22743e+09	2.22765e+09	0
280	1	1	2.23367e+09	2.23371e+09	2.23401e+09	2.241e+09	0
281	1	1	2.24702e+09	2.24706e+09	2.24736e+09	2.24832e+09	1
282	0	1	2.2504e+09	2.25045e+09	2.25075e+09	2.25474e+09	0
283	1	1	2.26077e+09	2.26082e+09	2.26112e+09	2.26143e+09	0
284	1	2	2.26744e+09	2.26748e+09	2.26778e+09	2.27679e+09	0
285	1	2	2.2828e+09	2.28284e+09	2.28314e+09	2.29434e+09	0
286	1	2	2.30036e+09	2.3004e+09	2.3007e+09	2.30898e+09	1
287	0	1	2.31043e+09	2.31047e+09	2.31077e+09	2.31188e+09	0
288	1	1	2.3179e+09	2.31794e+09	2.31824e+09	2.31883e+09	1
289	0	2	2.32033e+09	2.32036e+09	2.32066e+09	2.32159e+09	0
290	1	1	2.32761e+09	2.32765e+09	2.32795e+09	2.34082e+09	0
291	1	2	2.34729e+09	2.34733e+09	2.34763e+09	2.34835e+09	0
292	1	2	2.35436e+09	2.3544e+09	2.3547e+09	2.35724e+09	1
293	0	2	2.36135e+09	2.36139e+09	2.36169e+09	2.37561e+09	1
294	0	2	2.37996e+09	2.38e+09	2.3803e+09	2.39494e+09	1
295	0	2	2.3988e+09	2.39884e+09	2.39914e+09	2.40363e+09	1
296	0	1	2.4074e+09	2.40744e+09	2.40774e+09	2.45692e+09	0
297	1	1	2.46464e+09	2.46468e+09	2.46498e+09	2.46612e+09	0
298	1	2	2.47221e+09	2.47224e+09	2.47254e+09	2.47809e+09	0
299	1	2	2.48412e+09	2.48416e+09	2.48446e+09	2.50384e+09	0
300	1	1	2.50986e+09	2.5099e+09	2.5102e+09	2.51386e+09	0
301	1	1	2.51989e+09	2.51993e+09	2.52023e+09	2.52544e+09	0
302	1	2	2.53146e+09	2.5315e+09	2.5318e+09	2.53606e+09	1
303	0	1	2.5398e+09	2.53983e+09	2.54013e+09	2.55307e+09	0
304	1	2	2.55909e+09	2.55912e+09	2.55942e+09	2.56424e+09	1
305	0	1	2.56532e+09	2.56537e+09	2.56567e+09	2.56947e+09	0
306	1	1	2.5759e+09	2.57594e+09	2.57624e+09	2.57717e+09	0
307	1	2	2.58547e+09	2.58551e+09	2.58581e+09	2.59959e+09	0
308	1	1	2.60749e+09	2.60753e+09	2.60783e+09	2.6226e+09	0
309	1	1	2.62863e+09	2.62868e+09	2.62898e+09	2.62946e+09	0
310	1	1	2.63548e+09	2.63552e+09	2.63582e+09	2.64042e+09	0
311	1	1	2.64645e+09	2.6465e+09	2.6468e+09	2.65148e+09	0
312	1	2	2.65778e+09	2.65781e+09	2.65811e+09	2.65911e+09	0
313	1	2	2.66513e+09	2.66517e+09	2.66547e+09	2.66553e+09	1
314	0	1	2.66859e+09	2.66862e+09	2.66892e+09	2.67267e+09	1
315	0	2	2.67517e+09	2.67521e+09	2.67551e+09	2.6775e+09	1
316	0	1	2.68039e+09	2.68042e+09	2.68072e+09	2.68103e+09	1
317	0	2	2.68396e+09	2.684e+09	2.6843e+09	2.68456e+09	0
318	1	1	2.69058e+09	2.69062e+09	2.69092e+09	2.69635e+09	0
319	1	2	2.70328e+09	2.70332e+09	2.70362e+09	2.70392e+09	0
320	1	2	2.71056e+09	2.7106e+09	2.7109e+09	2.71389e+09	0
321	1	1	2.72093e+09	2.72097e+09	2.72127e+09	2.72161e+09	1
322	0	1	2.72344e+09	2.72348e+09	2.72378e+09	2.72416e+09	1
323	0	1	2.72833e+09	2.72836e+09	2.72866e+09	2.72879e+09	0
324	1	2	2.73597e+09	2.73601e+09	2.73631e+09	2.73672e+09	0
325	1	2	2.74659e+09	2.74663e+09	2.74693e+09	2.74732e+09	0
326	1	1	2.75333e+09	2.75337e+09	2.75367e+09	2.77061e+09	1
327	0	1	2.77346e+09	2.7735e+09	2.7738e+09	2.77394e+09	1
328	0	2	2.77883e+09	2.77887e+09	2.77917e+09	2.77988e+09	0
329	1	1	2.78643e+09	2.78646e+09	2.78676e+09	2.7873e+09	1
330	0	1	2.80051e+09	2.80056e+09	2.80086e+09	2.80136e+09	0
331	1	2	2.80797e+09	2.80801e+09	2.80831e+09	2.8084e+09	0
332	1	2	2.81461e+09	2.81464e+09	2.81494e+09	2.82214e+09	1
333	0	2	2.82763e+09	2.82767e+09	2.82797e+09	2.83084e+09	0
334	1	2	2.83685e+09	2.83689e+09	2.83719e+09	2.86036e+09	0
335	1	1	2.86793e+09	2.86797e+09	2.86827e+09	2.87314e+09	0
336	1	1	2.87915e+09	2.87919e+09	2.87949e+09	2.87964e+09	1
337	0	2	2.88316e+09	2.8832e+09	2.8835e+09	2.88753e+09	1
338	0	2	2.89035e+09	2.89039e+09	2.89069e+09	2.89077e+09	0
339	1	1	2.89695e+09	2.89699e+09	2.89729e+09	2.89826e+09	0
340	1	2	2.90429e+09	2.90434e+09	2.90464e+09	2.91134e+09	1
341	0	1	2.91798e+09	2.91803e+09	2.91833e+09	2.92368e+09	0
342	1	2	2.92972e+09	2.92976e+09	2.93006e+09	2.93171e+09	1
343	0	1	2.93655e+09	2.9366e+09	2.9369e+09	2.93905e+09	0
344	1	1	2.94506e+09	2.9451e+09	2.9454e+09	2.94731e+09	0
345	1	2	2.95404e+09	2.95408e+09	2.95438e+09	2.95905e+09	1
346	0	2	2.96012e+09	2.96016e+09	2.96046e+09	2.96049e+09	1
347	0	2	2.96258e+09	2.96262e+09	2.96292e+09	2.96416e+09	1
348	0	1	2.96762e+09	2.96766e+09	2.96796e+09	2.97247e+09	1
349	0	1	2.9756e+09	2.97565e+09	2.97595e+09	2.97598e+09	1
350	0	1	2.97858e+09	2.97863e+09	2.97893e+09	2.97898e+09	1
351	0	2	2.98212e+09	2.98217e+09	2.98247e+09	2.9826e+09	0
352	1	2	2.99058e+09	2.99062e+09	2.99092e+09	2.99096e+09	0
353	1	1	2.99832e+09	2.99836e+09	2.99866e+09	2.99869e+09	1
354	0	2	3.00166e+09	3.0017e+09	3.002e+09	3.00205e+09	0
355	1	2	3.01182e+09	3.01186e+09	3.01216e+09	3.01376e+09	1
356	0	1	3.01685e+09	3.01688e+09	3.01718e+09	3.02206e+09	0
357	1	1	3.02809e+09	3.02812e+09	3.02842e+09	3.02855e+09	1
358	0	1	3.03368e+09	3.03372e+09	3.03402e+09	3.03406e+09	1
359	0	2	3.03823e+09	3.03827e+09	3.03857e+09	3.03873e+09	0
360	1	1	3.04728e+09	3.04733e+09	3.04763e+09	3.04767e+09	1
361	0	1	3.05177e+09	3.0518e+09	3.0521e+09	3.05222e+09	1
362	0	2	3.06056e+09	3.0606e+09	3.0609e+09	3.06115e+09	1
363	0	2	3.06396e+09	3.064e+09	3.0643e+09	3.06473e+09	1
364	0	2	3.07157e+09	3.07161e+09	3.07191e+09	3.07222e+09	1
365	0	2	3.07726e+09	3.0773e+09	3.0776e+09	3.0777e+09	1
366	0	2	3.08336e+09	3.0834e+09	3.0837e+09	3.08384e+09	0
367	1	2	3.09014e+09	3.09018e+09	3.09048e+09	3.09054e+09	1
368	0	1	3.09488e+09	3.09491e+09	3.09521e+09	3.09541e+09	0
369	1	1	3.10306e+09	3.10311e+09	3.10341e+09	3.10362e+09	0
370	1	1	3.11078e+09	3.11081e+09	3.11111e+09	3.11624e+09	0
371	1	1	3.12463e+09	3.12467e+09	3.12497e+09	3.12502e+09	1
372	0	2	3.13163e+09	3.13167e+09	3.13197e+09	3.13248e+09	0
373	1	1	3.13928e+09	3.13932e+09	3.13962e+09	3.14043e+09	1
374	0	2	3.15045e+09	3.15049e+09	3.15079e+09	3.1559e+09	1
375	0	2	3.15826e+09	3.1583e+09	3.1586e+09	3.15932e+09	0
376	1	1	3.16563e+09	3.16566e+09	3.16596e+09	3.1724e+09	0
377	1	2	3.17972e+09	3.17976e+09	3.18006e+09	3.18678e+09	1
378	0	1	3.19227e+09	3.19231e+09	3.19261e+09	3.19638e+09	0
379	1	1	3.20283e+09	3.20287e+09	3.20317e+09	3.20796e+09	0
380	1	2	3.22849e+09	3.22853e+09	3.22883e+09	3.22905e+09	1
381	0	2	3.23175e+09	3.23178e+09	3.23208e+09	3.23227e+09	0
382	1	1	3.24195e+09	3.24199e+09	3.24229e+09	3.2443e+09	0
383	1	1	3.2564e+09	3.25644e+09	3.25674e+09	3.26641e+09	0
384	1	1	3.27243e+09	3.27248e+09	3.27278e+09	3.27314e+09	1
385	0	1	3.27649e+09	3.27654e+09	3.27684e+09	3.28041e+09	0
386	1	2	3.28643e+09	3.28647e+09	3.28677e+09	3.30156e+09	1
387	0	2	3.30617e+09	3.30621e+09	3.30651e+09	3.31453e+09	1
388	0	1	3.31892e+09	3.31896e+09	3.31926e+09	3.31963e+09	0
389	1	2	3.32564e+09	3.32568e+09	3.32598e+09	3.32646e+09	0
390	1	1	3.33249e+09	3.33253e+09	3.33283e+09	3.33438e+09	0
391	1	2	3.34039e+09	3.34043e+09	3.34073e+09	3.34426e+09	1
392	0	2	3.34927e+09	3.34931e+09	3.34961e+09	3.35458e+09	1
393	0	1	3.35631e+09	3.35635e+09	3.35665e+09	3.36535e+09	0
394	1	1	3.37138e+09	3.37143e+09	3.37173e+09	3.37193e+09	1
395	0	2	3.3774e+09	3.37744e+09	3.37774e+09	3.37834e+09	0
396	1	2	3.38556e+09	3.3856e+09	3.3859e+09	3.38644e+09	0
397	1	1	3.39345e+09	3.39348e+09	3.39378e+09	3.40042e+09	0
398	1	2	3.40645e+09	3.4065e+09	3.4068e+09	3.41081e+09	1
399	0	2	3.41191e+09	3.41195e+09	3.41225e+09	3.413e+09	1
400	0	2	3.41407e+09	3.41411e+09	3.41441e+09	3.41706e+09	1
401	0	2	3.41902e+09	3.41907e+09	3.41937e+09	3.43825e+09	1
402	0	2	3.44034e+09	3.44038e+09	3.44068e+09	3.44073e+09	0
403	1	2	3.44775e+09	3.44779e+09	3.44809e+09	3.44918e+09	0
404	1	1	3.45816e+09	3.4582e+09	3.4585e+09	3.46075e+09	0
405	1	2	3.46677e+09	3.4668e+09	3.4671e+09	3.46778e+09	0
406	1	1	3.47606e+09	3.47611e+09	3.47641e+09	3.47801e+09	1
407	0	1	3.48046e+09	3.4805e+09	3.4808e+09	3.485e+09	1
408	0	2	3.49075e+09	3.49079e+09	3.49109e+09	3.49111e+09	0
409	1	2	3.49712e+09	3.49716e+09	3.49746e+09	3.50318e+09	0
410	1	2	3.50919e+09	3.50923e+09	3.50953e+09	3.51019e+09	0
411	1	2	3.51621e+09	3.51625e+09	3.51655e+09	3.52683e+09	1
412	0	1	3.52801e+09	3.52805e+09	3.52835e+09	3.52857e+09	1
413	0	2	3.53131e+09	3.53136e+09	3.53166e+09	3.53179e+09	0
414	1	2	3.53992e+09	3.53996e+09	3.54026e+09	3.54039e+09	1
415	0	2	3.54489e+09	3.54492e+09	3.54522e+09	3.54579e+09	0
416	1	1	3.55275e+09	3.55279e+09	3.55309e+09	3.55372e+09	1
417	0	2	3.5591e+09	3.55913e+09	3.55943e+09	3.55957e+09	0
418	1	2	3.56801e+09	3.56805e+09	3.56835e+09	3.56891e+09	0
419	1	1	3.57766e+09	3.57769e+09	3.57799e+09	3.57893e+09	0
420	1	1	3.58572e+09	3.58576e+09	3.58606e+09	3.58865e+09	0
421	1	1	3.59482e+09	3.59486e+09	3.59516e+09	3.59587e+09	1
422	0	1	3.59985e+09	3.5999e+09	3.6002e+09	3.60074e+09	1
423	0	1	3.6055e+09	3.60554e+09	3.60584e+09	3.60683e+09	0
424	1	2	3.61487e+09	3.61491e+09	3.61521e+09	3.61536e+09	0
425	1	2	3.62171e+09	3.62175e+09	3.62205e+09	3.62242e+09	0
426	1	2	3.62913e+09	3.62917e+09	3.62947e+09	3.63358e+09	1
427	0	1	3.6378e+09	3.63783e+09	3.63813e+09	3.63818e+09	1
428	0	1	3.64507e+09	3.64511e+09	3.64541e+09	3.64546e+09	1
429	0	2	3.64756e+09	3.6476e+09	3.6479e+09	3.6482e+09	0
430	1	1	3.65599e+09	3.65604e+09	3.65634e+09	3.65682e+09	1
431	0	1	3.65941e+09	3.65945e+09	3.65975e+09	3.6598e+09	1