
001	0	50	1.08247e+07	1.08727e+07	1.11743e+07	1.11826e+07	1	1
002	0	50	1.30826e+07	1.31239e+07	1.34241e+07	1.4515e+07	1	1
003	0	10	1.63185e+07	1.63598e+07	1.66601e+07	1.66684e+07	0	1
004	1	10	2.415e+07	2.41902e+07	2.44904e+07	2.48839e+07	0	1
005	1	10	2.75384e+07	2.75756e+07	2.78758e+07	2.81334e+07	1	0
006	0	10	2.97319e+07	2.97667e+07	3.00669e+07	3.02812e+07	0	1
007	1	10	3.88035e+07	3.88487e+07	3.9149e+07	3.94493e+07	0	1
008	1	10	4.29998e+07	4.30401e+07	4.33403e+07	4.34142e+07	1	0
009	0	10	4.50284e+07	4.50604e+07	4.53607e+07	4.6665e+07	0	1
010	1	10	6.03648e+07	6.04088e+07	6.07091e+07	6.14734e+07	1	0
011	0	50	6.30436e+07	6.30803e+07	6.33806e+07	6.34113e+07	1	1
012	0	50	6.5067e+07	6.5106e+07	6.54062e+07	6.54318e+07	1	1
013	0	10	7.71215e+07	7.71664e+07	7.74667e+07	7.75682e+07	0	1
014	1	10	8.20992e+07	8.21465e+07	8.24467e+07	8.24761e+07	0	1
015	1	10	8.61143e+07	8.61577e+07	8.6458e+07	8.64814e+07	0	1
016	1	10	8.80159e+07	8.80619e+07	8.83622e+07	8.98647e+07	0	1
017	0	10	9.14063e+07	9.14527e+07	9.17529e+07	9.22845e+07	1	0
018	0	50	9.39418e+07	9.39867e+07	9.4287e+07	9.43088e+07	1	1
019	0	50	1.05555e+08	1.05589e+08	1.0589e+08	1.05921e+08	0	0
020	1	50	1.11102e+08	1.11142e+08	1.11442e+08	1.11512e+08	0	0
021	1	50	1.16348e+08	1.16388e+08	1.16688e+08	1.17339e+08	0	0
022	1	50	1.23546e+08	1.23587e+08	1.23887e+08	1.24753e+08	0	0
023	0	10	1.28829e+08	1.28867e+08	1.29167e+08	1.29175e+08	1	0
024	0	10	1.41687e+08	1.41729e+08	1.4203e+08	1.4217e+08	0	1
025	1	10	1.47057e+08	1.47102e+08	1.47402e+08	1.47413e+08	1	0
026	0	50	1.54877e+08	1.54923e+08	1.55223e+08	1.55264e+08	0	0
027	1	50	1.61094e+08	1.61133e+08	1.61433e+08	1.62339e+08	1	1
028	0	10	1.69645e+08	1.69689e+08	1.6999e+08	1.70007e+08	0	1
029	1	10	1.71887e+08	1.71931e+08	1.72231e+08	1.72287e+08	0	1
030	1	10	1.74291e+08	1.74333e+08	1.74633e+08	1.74785e+08	1	0
031	0	10	1.80263e+08	1.80295e+08	1.80596e+08	1.81211e+08	0	1
032	1	10	1.86603e+08	1.86642e+08	1.86942e+08	1.86972e+08	1	0
033	0	50	1.88745e+08	1.8878e+08	1.8908e+08	1.89336e+08	1	1
034	0	10	2.02838e+08	2.02884e+08	2.03185e+08	2.0322e+08	1	0
035	0	10	2.04836e+08	2.04883e+08	2.05184e+08	2.05199e+08	0	1
036	1	10	2.16363e+08	2.16394e+08	2.16694e+08	2.16817e+08	1	0
037	0	10	2.18416e+08	2.18462e+08	2.18763e+08	2.2e+08	1	0
038	0	10	2.31267e+08	2.31314e+08	2.31614e+08	2.31655e+08	0	1
039	1	10	2.35031e+08	2.35062e+08	2.35363e+08	2.35441e+08	1	0
040	0	10	2.37043e+08	2.37085e+08	2.37386e+08	2.37422e+08	0	1
041	1	10	2.46669e+08	2.4671e+08	2.47011e+08	2.47025e+08	1	0
042	0	50	2.64427e+08	2.64465e+08	2.64765e+08	2.64826e+08	0	0
043	1	50	2.79458e+08	2.79492e+08	2.79792e+08	2.81424e+08	0	0
044	1	50	2.86011e+08	2.86052e+08	2.86352e+08	2.87111e+08	0	0
045	1	50	2.88756e+08	2.88791e+08	2.89091e+08	2.89837e+08	0	0
046	0	50	2.96735e+08	2.96772e+08	2.97073e+08	2.97205e+08	0	0
047	0	50	3.02404e+08	3.02437e+08	3.02737e+08	3.03329e+08	0	0
048	0	10	3.05001e+08	3.05034e+08	3.05334e+08	3.06191e+08	1	0
049	0	50	3.07789e+08	3.07835e+08	3.08135e+08	3.0815e+08	1	1
050	0	50	3.30511e+08	3.30553e+08	3.30853e+08	3.31482e+08	0	0
051	1	50	3.35426e+08	3.35472e+08	3.35772e+08	3.35788e+08	0	0
052	1	50	3.41134e+08	3.41179e+08	3.41479e+08	3.42194e+08	0	0
053	1	50	3.44056e+08	3.44091e+08	3.44391e+08	3.44399e+08	1	1
054	0	50	3.56962e+08	3.57009e+08	3.57309e+08	3.57991e+08	0	0
055	1	50	3.71259e+08	3.71305e+08	3.71605e+08	3.71679e+08	0	0
056	1	50	3.73403e+08	3.73449e+08	3.73749e+08	3.75564e+08	0	0
057	1	50	3.77806e+08	3.77847e+08	3.78148e+08	3.8347e+08	0	0
058	0	50	3.87672e+08	3.87705e+08	3.88005e+08	3.89644e+08	0	0
059	0	10	3.93642e+08	3.93691e+08	3.93991e+08	4.04919e+08	1	0
060	0	10	4.13783e+08	4.13829e+08	4.14129e+08	4.14149e+08	1	0
061	0	50	4.22226e+08	4.22265e+08	4.22565e+08	4.23026e+08	0	0
062	1	50	4.27104e+08	4.27137e+08	4.27437e+08	4.27449e+08	1	1
063	0	10	4.34637e+08	4.34673e+08	4.34974e+08	4.35266e+08	0	1
064	1	10	4.40323e+08	4.40363e+08	4.40717e+08	4.40836e+08	0	1
065	1	10	4.44135e+08	4.4418e+08	4.4448e+08	4.45422e+08	1	0
066	0	50	4.47156e+08	4.47196e+08	4.47496e+08	4.47503e+08	1	1
067	0	10	4.57128e+08	4.5716e+08	4.5746e+08	4.57498e+08	0	1
068	1	10	4.5999e+08	4.60025e+08	4.60325e+08	4.60428e+08	0	1
069	1	10	4.65261e+08	4.653e+08	4.656e+08	4.65664e+08	1	0
070	0	50	4.71909e+08	4.71942e+08	4.72243e+08	4.72545e+08	1	1
071	0	50	4.78071e+08	4.78119e+08	4.7842e+08	4.78535e+08	1	1
072	0	50	4.80126e+08	4.80166e+08	4.80466e+08	4.80479e+08	1	1
073	0	10	4.82084e+08	4.82123e+08	4.82423e+08	4.82867e+08	1	0
074	0	10	4.8868e+08	4.8872e+08	4.8902e+08	4.89095e+08	0	1
075	1	10	5.01017e+08	5.01055e+08	5.01355e+08	5.02292e+08	1	0
076	0	50	5.11016e+08	5.11061e+08	5.11361e+08	5.11369e+08	0	0
077	1	50	5.19392e+08	5.19441e+08	5.19741e+08	5.20792e+08	1	1
078	0	50	5.22384e+08	5.2242e+08	5.22721e+08	5.22986e+08	1	1
079	0	50	5.38725e+08	5.38768e+08	5.39069e+08	5.39207e+08	1	1
080	0	10	5.42743e+08	5.42774e+08	5.43075e+08	5.43104e+08	0	1
081	1	10	5.47638e+08	5.47673e+08	5.47973e+08	5.48559e+08	0	1
082	1	10	5.53418e+08	5.53452e+08	5.53753e+08	5.54125e+08	1	0
083	0	10	5.62829e+08	5.62864e+08	5.63164e+08	5.63608e+08	1	0
084	0	10	5.75564e+08	5.75606e+08	5.75906e+08	5.75969e+08	0	1
085	1	10	5.77534e+08	5.7757e+08	5.77871e+08	5.77976e+08	0	1
086	1	10	5.82361e+08	5.82393e+08	5.82693e+08	5.83395e+08	1	0
087	0	10	5.99441e+08	5.99484e+08	5.99784e+08	5.99912e+08	1	0
088	0	10	6.036e+08	6.03636e+08	6.03936e+08	6.04799e+08	1	0
089	0	10	6.15167e+08	6.15198e+08	6.15499e+08	6.16746e+08	1	0
090	0	10	6.25212e+08	6.25244e+08	6.25544e+08	6.26013e+08	0	1
091	1	10	6.27663e+08	6.27707e+08	6.28007e+08	6.28079e+08	1	0
092	0	50	6.32736e+08	6.32774e+08	6.33074e+08	6.33086e+08	1	1
093	0	10	6.34679e+08	6.34717e+08	6.35017e+08	6.35183e+08	0	1
094	1	10	6.44255e+08	6.4429e+08	6.4459e+08	6.4462e+08	1	0
095	0	50	6.54936e+08	6.54969e+08	6.55269e+08	6.55286e+08	1	1
096	0	50	6.62837e+08	6.62874e+08	6.63174e+08	6.63232e+08	0	0
097	1	50	6.64903e+08	6.64941e+08	6.65242e+08	6.65603e+08	1	1
098	0	10	6.78073e+08	6.78113e+08	6.78414e+08	6.78436e+08	1	0
099	0	50	6.84344e+08	6.84378e+08	6.84679e+08	6.8486e+08	1	1
100	0	50	6.86578e+08	6.86623e+08	6.86923e+08	6.87011e+08	1	1
101	0	10	6.88608e+08	6.88647e+08	6.88947e+08	6.89109e+08	0	1
102	1	10	7.05687e+08	7.05732e+08	7.06032e+08	7.0616e+08	0	1
103	1	10	7.10056e+08	7.1009e+08	7.1039e+08	7.11395e+08	1	0
104	0	10	7.12992e+08	7.13031e+08	7.13331e+08	7.13359e+08	1	0
105	0	10	7.29696e+08	7.29734e+08	7.30034e+08	7.30125e+08	0	1
106	1	10	7.39677e+08	7.39716e+08	7.40017e+08	7.40048e+08	0	1
107	1	10	7.45172e+08	7.4521e+08	7.45511e+08	7.45674e+08	1	0
108	0	50	7.53527e+08	7.53561e+08	7.53861e+08	7.55123e+08	1	1
109	0	50	7.6756e+08	7.67608e+08	7.67909e+08	7.68273e+08	1	1
110	0	10	7.74908e+08	7.74954e+08	7.75255e+08	7.75564e+08	1	0
111	0	10	7.89196e+08	7.89242e+08	7.89542e+08	7.8961e+08	1	0
112	0	50	7.95394e+08	7.95435e+08	7.95735e+08	7.95787e+08	1	1
113	0	10	8.07768e+08	8.07804e+08	8.08104e+08	8.08484e+08	1	0
114	0	50	8.27331e+08	8.27381e+08	8.27681e+08	8.2895e+08	0	0
115	1	50	8.30951e+08	8.30993e+08	8.31293e+08	8.31686e+08	0	0
116	1	50	8.3779e+08	8.37832e+08	8.38132e+08	8.38828e+08	0	0
117	1	50	8.40388e+08	8.40429e+08	8.40729e+08	8.80372e+08	1	1
118	0	50	9.15395e+08	9.15439e+08	9.15739e+08	9.17388e+08	0	0
119	1	50	9.19904e+08	9.19953e+08	9.20253e+08	9.20297e+08	0	0
120	1	50	9.22725e+08	9.22766e+08	9.23066e+08	9.23499e+08	0	0
121	1	50	9.27592e+08	9.27629e+08	9.27929e+08	9.28793e+08	0	0
122	0	50	9.31927e+08	9.31969e+08	9.3227e+08	9.33676e+08	0	0
123	0	50	9.37037e+08	9.37086e+08	9.37386e+08	9.38014e+08	1	1
124	0	10	9.45298e+08	9.45342e+08	9.45642e+08	9.4643e+08	0	1
125	1	10	9.49293e+08	9.49338e+08	9.49638e+08	9.50279e+08	0	1
126	1	10	9.53443e+08	9.53476e+08	9.53776e+08	9.53925e+08	0	1
127	1	10	9.5579e+08	9.55834e+08	9.56134e+08	9.56678e+08	1	0
128	0	50	9.5833e+08	9.58375e+08	9.58675e+08	9.58724e+08	1	1
129	0	50	9.68574e+08	9.68612e+08	9.68913e+08	9.6908e+08	0	0
130	1	50	9.74886e+08	9.7493e+08	9.7523e+08	9.75803e+08	0	0
131	1	50	9.80194e+08	9.80238e+08	9.80538e+08	9.81035e+08	0	0
132	1	50	9.82834e+08	9.82875e+08	9.83175e+08	9.83313e+08	1	1
133	0	10	9.84916e+08	9.84952e+08	9.85253e+08	9.86539e+08	0	1
134	1	10	9.94552e+08	9.94588e+08	9.94888e+08	9.95136e+08	0	1
135	1	10	9.97152e+08	9.97188e+08	9.97488e+08	9.98071e+08	1	0
136	0	10	9.99747e+08	9.99795e+08	1.0001e+09	1.0001e+09	0	1
137	1	10	1.00285e+09	1.00289e+09	1.00319e+09	1.00393e+09	0	1
138	1	10	1.01147e+09	1.01151e+09	1.01181e+09	1.01258e+09	0	1
139	1	10	1.01415e+09	1.01418e+09	1.01448e+09	1.01734e+09	1	0
140	0	50	1.01919e+09	1.01924e+09	1.01954e+09	1.01988e+09	1	1
141	0	10	1.02148e+09	1.02151e+09	1.02181e+09	1.02185e+09	0	1
142	1	10	1.02873e+09	1.02877e+09	1.02907e+09	1.02922e+09	0	1
143	1	10	1.03381e+09	1.03384e+09	1.03414e+09	1.03455e+09	0	1
144	1	10	1.03779e+09	1.03782e+09	1.03812e+09	1.0526e+09	1	0
145	0	50	1.06285e+09	1.06288e+09	1.06318e+09	1.06328e+09	1	1
146	0	10	1.07897e+09	1.07901e+09	1.07931e+09	1.07933e+09	1	0
147	0	50	1.09169e+09	1.09173e+09	1.09203e+09	1.09222e+09	0	0
148	1	50	1.09432e+09	1.09435e+09	1.09465e+09	1.09466e+09	0	0
149	1	50	1.10247e+09	1.10251e+09	1.10281e+09	1.15359e+09	0	0
150	1	50	1.16138e+09	1.16142e+09	1.16172e+09	1.16173e+09	1	1
151	0	10	1.17554e+09	1.17558e+09	1.17588e+09	1.17604e+09	0	1
152	1	10	1.17777e+09	1.17781e+09	1.17811e+09	1.1782e+09	0	1
153	1	10	1.18002e+09	1.18006e+09	1.18036e+09	1.1806e+09	1	0
154	0	10	1.18706e+09	1.1871e+09	1.1874e+09	1.18747e+09	0	1
155	1	10	1.19036e+09	1.1904e+09	1.1907e+09	1.19071e+09	1	0
156	0	10	1.20691e+09	1.20694e+09	1.20724e+09	1.20725e+09	0	1
157	1	10	1.20903e+09	1.20906e+09	1.20936e+09	1.20982e+09	1	0
158	0	50	1.21392e+09	1.21396e+09	1.21426e+09	1.2159e+09	0	0
159	1	50	1.22037e+09	1.22041e+09	1.22071e+09	1.22073e+09	1	1
160	0	10	1.22254e+09	1.22259e+09	1.22289e+09	1.22301e+09	0	1
161	1	10	1.22657e+09	1.22661e+09	1.22691e+09	1.22739e+09	1	0
162	0	50	1.23073e+09	1.23076e+09	1.23106e+09	1.23107e+09	1	1
163	0	50	1.24425e+09	1.24429e+09	1.24459e+09	1.2446e+09	0	0
164	1	50	1.25232e+09	1.25237e+09	1.25267e+09	1.25289e+09	0	0
165	1	50	1.25594e+09	1.25598e+09	1.25629e+09	1.25641e+09	0	0
166	1	50	1.25832e+09	1.25837e+09	1.25867e+09	1.25956e+09	0	0
167	0	10	1.26372e+09	1.26377e+09	1.26407e+09	1.26424e+09	1	0
168	0	50	1.27146e+09	1.2715e+09	1.2718e+09	1.27181e+09	0	0
169	1	50	1.27729e+09	1.27733e+09	1.27763e+09	1.27765e+09	0	0
170	1	50	1.2794e+09	1.27943e+09	1.27973e+09	1.27984e+09	1	1
171	0	10	1.2815e+09	1.28153e+09	1.28183e+09	1.28186e+09	0	1
172	1	10	1.29293e+09	1.29296e+09	1.29326e+09	1.29332e+09	1	0
173	0	50	1.30996e+09	1.31e+09	1.3103e+09	1.32631e+09	0	0
174	1	50	1.3375e+09	1.33754e+09	1.33784e+09	1.33855e+09	1	1
175	0	50	1.3491e+09	1.34913e+09	1.34944e+09	1.34956e+09	1	1
176	0	10	1.35127e+09	1.35131e+09	1.35161e+09	1.35163e+09	0	1
177	1	10	1.35834e+09	1.35837e+09	1.35867e+09	1.35873e+09	0	1
178	1	10	1.36651e+09	1.36656e+09	1.36686e+09	1.36803e+09	0	1
179	1	10	1.36992e+09	1.36996e+09	1.37026e+09	1.37132e+09	1	0
180	0	50	1.37642e+09	1.37646e+09	1.37676e+09	1.37679e+09	1	1
181	0	10	1.3875e+09	1.38754e+09	1.38784e+09	1.38797e+09	0	1
182	1	10	1.38993e+09	1.38997e+09	1.39027e+09	1.39042e+09	1	0
183	0	10	1.39838e+09	1.39843e+09	1.39873e+09	1.3988e+09	1	0
184	0	50	1.4004e+09	1.40045e+09	1.40075e+09	1.40109e+09	1	1
185	0	50	1.40269e+09	1.40273e+09	1.40303e+09	1.40311e+09	1	1
186	0	50	1.42183e+09	1.42187e+09	1.42217e+09	1.42253e+09	0	0
187	1	50	1.42946e+09	1.42949e+09	1.42979e+09	1.43038e+09	0	0
188	1	50	1.43209e+09	1.43213e+09	1.43243e+09	1.43247e+09	1	1
189	0	10	1.43408e+09	1.43412e+09	1.43443e+09	1.43533e+09	0	1
190	1	10	1.44314e+09	1.44319e+09	1.44349e+09	1.44372e+09	1	0
191	0	10	1.44532e+09	1.44537e+09	1.44567e+09	1.44573e+09	0	1
192	1	10	1.45099e+09	1.45102e+09	1.45132e+09	1.45154e+09	1	0
193	0	50	1.45838e+09	1.45843e+09	1.45873e+09	1.45882e+09	1	1
194	0	50	1.46532e+09	1.46537e+09	1.46567e+09	1.4657e+09	1	1
195	0	10	1.46733e+09	1.46737e+09	1.46767e+09	1.46774e+09	0	1
196	1	10	1.46966e+09	1.4697e+09	1.47e+09	1.47022e+09	0	1
197	1	10	1.4831e+09	1.48315e+09	1.48345e+09	1.48354e+09	1	0
198	0	10	1.48515e+09	1.48518e+09	1.48548e+09	1.48561e+09	1	0
199	0	10	1.496e+09	1.49603e+09	1.49633e+09	1.4965e+09	0	1
200	1	10	1.4983e+09	1.49834e+09	1.49865e+09	1.49897e+09	1	0
201	0	10	1.50104e+09	1.50107e+09	1.50137e+09	1.50145e+09	0	1
202	1	10	1.50381e+09	1.50386e+09	1.50416e+09	1.50433e+09	1	0
203	0	10	1.50609e+09	1.50612e+09	1.50642e+09	1.50647e+09	0	1
204	1	10	1.51251e+09	1.51254e+09	1.51284e+09	1.51313e+09	0	1
205	1	10	1.51472e+09	1.51477e+09	1.51507e+09	1.51512e+09	1	0
206	0	10	1.51673e+09	1.51676e+09	1.51706e+09	1.51709e+09	0	1
207	1	10	1.52758e+09	1.52762e+09	1.52792e+09	1.52797e+09	0	1
208	1	10	1.53312e+09	1.53316e+09	1.53346e+09	1.53367e+09	1	0
209	0	50	1.53568e+09	1.53572e+09	1.53602e+09	1.5361e+09	1	1
210	0	10	1.53771e+09	1.53775e+09	1.53805e+09	1.53806e+09	0	1
211	1	10	1.54422e+09	1.54426e+09	1.54456e+09	1.54457e+09	1	0
212	0	50	1.55206e+09	1.55209e+09	1.55239e+09	1.55287e+09	0	0
213	1	50	1.55504e+09	1.55508e+09	1.55538e+09	1.55574e+09	0	0
214	1	50	1.55811e+09	1.55815e+09	1.55845e+09	1.55851e+09	1	1
215	0	10	1.56023e+09	1.56027e+09	1.56057e+09	1.56076e+09	0	1
216	1	10	1.56722e+09	1.56726e+09	1.56756e+09	1.5681e+09	1	0
217	0	50	1.56971e+09	1.56974e+09	1.57004e+09	1.57035e+09	0	0
218	1	50	1.57209e+09	1.57213e+09	1.57243e+09	1.57285e+09	0	0
219	1	50	1.57461e+09	1.57465e+09	1.57495e+09	1.57498e+09	0	0
220	1	50	1.57776e+09	1.5778e+09	1.5781e+09	1.57829e+09	0	0
221	0	50	1.57996e+09	1.57999e+09	1.58029e+09	1.58059e+09	0	0
222	0	50	1.58216e+09	1.58219e+09	1.58249e+09	1.58251e+09	1	1
223	0	50	1.58715e+09	1.58719e+09	1.58749e+09	1.58771e+09	1	1
224	0	10	1.59965e+09	1.59969e+09	1.59999e+09	1.60005e+09	0	1
225	1	10	1.60374e+09	1.60379e+09	1.60409e+09	1.6041e+09	0	1
226	1	10	1.60575e+09	1.60579e+09	1.60609e+09	1.60658e+09	1	0
227	0	10	1.60834e+09	1.60838e+09	1.60868e+09	1.60874e+09	0	1
228	1	10	1.61169e+09	1.61173e+09	1.61203e+09	1.61211e+09	1	0
229	0	10	1.61907e+09	1.6191e+09	1.6194e+09	1.6195e+09	0	1
230	1	10	1.62117e+09	1.6212e+09	1.6215e+09	1.623e+09	1	0
231	0	10	1.63428e+09	1.63432e+09	1.63462e+09	1.63546e+09	0	1
232	1	10	1.63844e+09	1.63848e+09	1.63878e+09	1.63896e+09	1	0
233	0	10	1.64057e+09	1.64062e+09	1.64092e+09	1.64099e+09	0	1
234	1	10	1.64655e+09	1.64659e+09	1.64689e+09	1.64703e+09	1	0
235	0	50	1.64868e+09	1.64872e+09	1.64902e+09	1.64906e+09	1	1
236	0	10	1.65738e+09	1.65743e+09	1.65773e+09	1.65803e+09	1	0
237	0	50	1.65963e+09	1.65968e+09	1.65998e+09	1.66002e+09	1	1
238	0	50	1.6695e+09	1.66953e+09	1.66983e+09	1.67003e+09	1	1
239	0	10	1.67165e+09	1.67168e+09	1.67198e+09	1.67201e+09	1	0
240	0	10	1.6763e+09	1.67635e+09	1.67665e+09	1.67674e+09	1	0
241	0	10	1.67859e+09	1.67863e+09	1.67893e+09	1.67901e+09	0	1
242	1	10	1.68469e+09	1.68473e+09	1.68503e+09	1.68584e+09	0	1
243	1	10	1.71292e+09	1.71297e+09	1.71327e+09	1.71332e+09	0	1
244	1	10	1.71511e+09	1.71515e+09	1.71546e+09	1.71551e+09	1	0
245	0	10	1.72257e+09	1.72261e+09	1.72291e+09	1.72295e+09	0	1
246	1	10	1.72674e+09	1.72679e+09	1.72709e+09	1.72714e+09	0	1
247	1	10	1.72899e+09	1.72902e+09	1.72932e+09	1.72934e+09	1	0
248	0	10	1.73111e+09	1.73115e+09	1.73145e+09	1.73158e+09	0	1
249	1	10	1.73758e+09	1.73769e+09	1.73799e+09	1.73801e+09	1	0
250	0	50	1.74983e+09	1.74986e+09	1.75016e+09	1.75028e+09	1	1
251	0	10	1.75565e+09	1.75569e+09	1.75599e+09	1.75609e+09	0	1
252	1	10	1.75905e+09	1.7591e+09	1.7594e+09	1.75946e+09	0	1
253	1	10	1.7639e+09	1.76395e+09	1.76425e+09	1.76427e+09	0	1
254	1	10	1.76594e+09	1.76598e+09	1.76628e+09	1.76636e+09	1	0
255	0	50	1.77046e+09	1.7705e+09	1.7708e+09	1.77083e+09	0	0
256	1	50	1.78457e+09	1.7846e+09	1.7849e+09	1.785e+09	0	0
257	1	50	1.78679e+09	1.78683e+09	1.78713e+09	1.78715e+09	1	1
258	0	50	1.79433e+09	1.79437e+09	1.79467e+09	1.79471e+09	1	1
259	0	10	1.79841e+09	1.79846e+09	1.79876e+09	1.79882e+09	0	1
260	1	10	1.80468e+09	1.80472e+09	1.80502e+09	1.80543e+09	1	0
261	0	10	1.8071e+09	1.80714e+09	1.80744e+09	1.80748e+09	0	1
262	1	10	1.81096e+09	1.811e+09	1.8113e+09	1.81142e+09	0	1
263	1	10	1.81411e+09	1.81415e+09	1.81445e+09	1.81446e+09	0	1
264	1	10	1.81622e+09	1.81626e+09	1.81656e+09	1.81665e+09	1	0
265	0	10	1.82251e+09	1.82255e+09	1.82285e+09	1.82291e+09	1	0
266	0	10	1.82452e+09	1.82456e+09	1.82486e+09	1.82492e+09	0	1
267	1	10	1.83276e+09	1.8328e+09	1.8331e+09	1.83313e+09	1	0
268	0	50	1.83475e+09	1.83479e+09	1.83509e+09	1.83522e+09	0	0
269	1	50	1.83895e+09	1.83898e+09	1.83928e+09	1.83943e+09	0	0
270	1	50	1.84931e+09	1.84934e+09	1.84964e+09	1.85015e+09	0	0
271	1	50	1.8522e+09	1.85225e+09	1.85255e+09	1.85308e+09	0	0
272	0	50	1.85495e+09	1.85499e+09	1.85529e+09	1.85567e+09	0	0
273	0	10	1.85847e+09	1.8585e+09	1.8588e+09	1.8588e+09	1	0
274	0	50	1.86042e+09	1.86046e+09	1.86076e+09	1.8608e+09	1	1
275	0	10	1.87486e+09	1.8749e+09	1.8752e+09	1.87552e+09	1	0
276	0	10	1.87716e+09	1.8772e+09	1.8775e+09	1.8776e+09	1	0
277	0	10	1.88792e+09	1.88797e+09	1.88827e+09	1.8885e+09	0	1
278	1	10	1.89122e+09	1.89126e+09	1.89156e+09	1.89301e+09	1	0
279	0	50	1.89462e+09	1.89466e+09	1.89496e+09	1.89504e+09	1	1
280	0	50	1.89664e+09	1.89668e+09	1.89698e+09	1.89705e+09	1	1
281	0	10	1.91222e+09	1.91225e+09	1.91255e+09	1.91256e+09	0	1
282	1	10	1.91471e+09	1.91475e+09	1.91505e+09	1.91557e+09	1	0
283	0	10	1.92018e+09	1.92021e+09	1.92051e+09	1.92052e+09	1	0
284	0	50	1.92874e+09	1.92878e+09	1.92908e+09	1.92909e+09	1	1
285	0	10	1.97236e+09	1.9724e+09	1.9727e+09	1.97286e+09	1	0
286	0	50	1.97866e+09	1.9787e+09	1.979e+09	1.97917e+09	1	1
287	0	50	1.98649e+09	1.98654e+09	1.98684e+09	1.98702e+09	0	0
288	1	50	1.99054e+09	1.99058e+09	1.99088e+09	1.99227e+09	1	1
289	0	10	1.99727e+09	1.99731e+09	1.99761e+09	1.99764e+09	1	0
290	0	10	1.99942e+09	1.99946e+09	1.99976e+09	1.99976e+09	0	1
291	1	10	2.0046e+09	2.00464e+09	2.00494e+09	2.00686e+09	1	0
292	0	50	2.01806e+09	2.0181e+09	2.01841e+09	2.01849e+09	1	1
293	0	10	2.0247e+09	2.02474e+09	2.02504e+09	2.02509e+09	1	0
294	0	10	2.03093e+09	2.03098e+09	2.03128e+09	2.03132e+09	0	1
295	1	10	2.0342e+09	2.03425e+09	2.03455e+09	2.03455e+09	0	1
296	1	10	2.04094e+09	2.04098e+09	2.04128e+09	2.04359e+09	1	0
297	0	10	2.0452e+09	2.04524e+09	2.04554e+09	2.04585e+09	0	1
298	1	10	2.04879e+09	2.04883e+09	2.04913e+09	2.04921e+09	0	1
299	1	10	2.05091e+09	2.05095e+09	2.05125e+09	2.05133e+09	1	0
300	0	10	2.06054e+09	2.06058e+09	2.06088e+09	2.06113e+09	0	1
301	1	10	2.06662e+09	2.06666e+09	2.06696e+09	2.06939e+09	1	0
302	0	50	2.07482e+09	2.07486e+09	2.07516e+09	2.07521e+09	0	0
303	1	50	2.08072e+09	2.08076e+09	2.08106e+09	2.08156e+09	0	0
304	1	50	2.08371e+09	2.08375e+09	2.08405e+09	2.08449e+09	0	0
305	1	50	2.08664e+09	2.08667e+09	2.08697e+09	2.08744e+09	0	0
306	0	50	2.08911e+09	2.08915e+09	2.08945e+09	2.08985e+09	1	1
307	0	50	2.09636e+09	2.0964e+09	2.0967e+09	2.1082e+09	0	0
308	1	50	2.1114e+09	2.11144e+09	2.11174e+09	2.11175e+09	0	0
309	1	50	2.11376e+09	2.11379e+09	2.11409e+09	2.11452e+09	0	0
310	1	50	2.11992e+09	2.11997e+09	2.12027e+09	2.12035e+09	1	1
311	0	50	2.1267e+09	2.12675e+09	2.12705e+09	2.12706e+09	1	1
312	0	10	2.12871e+09	2.12876e+09	2.12906e+09	2.12936e+09	0	1
313	1	10	2.13742e+09	2.13746e+09	2.13776e+09	2.13779e+09	0	1
314	1	10	2.13947e+09	2.13952e+09	2.13982e+09	2.13988e+09	1	0
315	0	10	2.15062e+09	2.15065e+09	2.15095e+09	2.15101e+09	1	0
316	0	50	2.15578e+09	2.15582e+09	2.15612e+09	2.15616e+09	1	1
317	0	10	2.17252e+09	2.17255e+09	2.17285e+09	2.17504e+09	1	0
318	0	10	2.17867e+09	2.17871e+09	2.17901e+09	2.17905e+09	1	0
319	0	50	2.18072e+09	2.18075e+09	2.18105e+09	2.18216e+09	1	1
320	0	50	2.19279e+09	2.19283e+09	2.19313e+09	2.19335e+09	0	0
321	1	50	2.19523e+09	2.19527e+09	2.19557e+09	2.19567e+09	1	1
322	0	10	2.20271e+09	2.20275e+09	2.20305e+09	2.20319e+09	0	1
323	1	10	2.20486e+09	2.2049e+09	2.2052e+09	2.20527e+09	0	1
324	1	10	2.20693e+09	2.20697e+09	2.20727e+09	2.20737e+09	1	0
325	0	50	2.20904e+09	2.20908e+09	2.20938e+09	2.20941e+09	1	1
326	0	10	2.21476e+09	2.2148e+09	2.2151e+09	2.21514e+09	1	0
327	0	50	2.21676e+09	2.2168e+09	2.2171e+09	2.21794e+09	1	1
328	0	10	2.22423e+09	2.22427e+09	2.22457e+09	2.22466e+09	1	0
329	0	10	2.23345e+09	2.23349e+09	2.23379e+09	2.23383e+09	1	0
330	0	50	2.23556e+09	2.2356e+09	2.2359e+09	2.23621e+09	0	0
331	1	50	2.24195e+09	2.24198e+09	2.24228e+09	2.24283e+09	0	0
332	1	50	2.25024e+09	2.25029e+09	2.25059e+09	2.25085e+09	0	0
333	1	50	2.25474e+09	2.25477e+09	2.25507e+09	2.25509e+09	0	0
334	0	50	2.25698e+09	2.25701e+09	2.25731e+09	2.26379e+09	0	0
335	0	50	2.27561e+09	2.27565e+09	2.27595e+09	2.27613e+09	1	1
336	0	50	2.28126e+09	2.2813e+09	2.2816e+09	2.28169e+09	1	1
337	0	50	2.28331e+09	2.28335e+09	2.28365e+09	2.28368e+09	0	0
338	1	50	2.28712e+09	2.28716e+09	2.28746e+09	2.28749e+09	0	0
339	1	50	2.29709e+09	2.29714e+09	2.29744e+09	2.2975e+09	0	0
340	1	50	2.29985e+09	2.2999e+09	2.3002e+09	2.30027e+09	1	1
341	0	10	2.31196e+09	2.312e+09	2.3123e+09	2.31231e+09	0	1
342	1	10	2.31626e+09	2.3163e+09	2.3166e+09	2.31675e+09	1	0
343	0	50	2.32274e+09	2.32278e+09	2.32308e+09	2.32309e+09	1	1
344	0	10	2.33489e+09	2.33494e+09	2.33524e+09	2.33525e+09	0	1
345	1	10	2.33892e+09	2.33896e+09	2.33926e+09	2.33929e+09	1	0
346	0	50	2.34102e+09	2.34106e+09	2.34136e+09	2.34156e+09	1	1
347	0	50	2.34331e+09	2.34334e+09	2.34364e+09	2.34371e+09	1	1
348	0	10	2.36567e+09	2.36571e+09	2.36601e+09	2.36719e+09	1	0
349	0	10	2.37392e+09	2.37396e+09	2.37426e+09	2.3743e+09	1	0
350	0	50	2.3761e+09	2.37613e+09	2.37643e+09	2.37816e+09	0	0
351	1	50	2.38559e+09	2.38563e+09	2.38593e+09	2.38595e+09	0	0
352	1	50	2.38776e+09	2.3878e+09	2.3881e+09	2.38875e+09	0	0
353	1	50	2.39144e+09	2.39148e+09	2.39178e+09	2.3918e+09	1	1
354	0	10	2.39646e+09	2.3965e+09	2.3968e+09	2.39682e+09	1	0
355	0	10	2.406e+09	2.40604e+09	2.40634e+09	2.40659e+09	1	0
356	0	10	2.40831e+09	2.40835e+09	2.40865e+09	2.40869e+09	0	1
357	1	10	2.41427e+09	2.41431e+09	2.41461e+09	2.41487e+09	0	1
358	1	10	2.41645e+09	2.4165e+09	2.4168e+09	2.41682e+09	1	0
359	0	50	2.41845e+09	2.41848e+09	2.41878e+09	2.41886e+09	0	0
360	1	50	2.42349e+09	2.42353e+09	2.42383e+09	2.42398e+09	0	0
361	1	50	2.429e+09	2.42905e+09	2.42935e+09	2.43004e+09	1	1
362	0	50	2.43166e+09	2.43171e+09	2.43201e+09	2.4323e+09	0	0
363	1	50	2.43775e+09	2.43779e+09	2.43809e+09	2.4381e+09	0	0
364	1	50	2.43986e+09	2.4399e+09	2.4402e+09	2.44023e+09	1	1
365	0	10	2.44498e+09	2.44503e+09	2.44533e+09	2.44537e+09	1	0
366	0	50	2.44706e+09	2.44709e+09	2.44739e+09	2.44747e+09	1	1
367	0	10	2.45252e+09	2.45257e+09	2.45287e+09	2.45319e+09	1	0
368	0	50	2.45481e+09	2.45485e+09	2.45515e+09	2.45522e+09	1	1
369	0	10	2.46157e+09	2.46161e+09	2.46192e+09	2.46198e+09	1	0
370	0	50	2.4652e+09	2.46525e+09	2.46555e+09	2.46587e+09	0	0
371	1	50	2.47023e+09	2.47027e+09	2.47057e+09	2.47085e+09	1	1
372	0	50	2.47259e+09	2.47263e+09	2.47293e+09	2.473e+09	1	1
373	0	10	2.47474e+09	2.47477e+09	2.47507e+09	2.47508e+09	0	1
374	1	10	2.4896e+09	2.48965e+09	2.48995e+09	2.48996e+09	1	0
375	0	10	2.49158e+09	2.49163e+09	2.49193e+09	2.492e+09	1	0
376	0	10	2.49848e+09	2.49852e+09	2.49882e+09	2.49883e+09	0	1
377	1	10	2.50443e+09	2.50448e+09	2.50478e+09	2.50479e+09	1	0
378	0	10	2.5065e+09	2.50654e+09	2.50684e+09	2.50872e+09	0	1
379	1	10	2.52292e+09	2.52296e+09	2.52326e+09	2.52327e+09	0	1
380	1	10	2.53036e+09	2.5304e+09	2.5307e+09	2.5308e+09	1	0
381	0	10	2.5362e+09	2.53624e+09	2.53654e+09	2.53665e+09	1	0
382	0	10	2.54054e+09	2.54058e+09	2.54088e+09	2.54103e+09	1	0
383	0	50	2.55619e+09	2.55623e+09	2.55653e+09	2.55671e+09	0	0
384	1	50	2.55877e+09	2.55881e+09	2.55911e+09	2.55919e+09	0	0
385	1	50	2.5611e+09	2.56114e+09	2.56144e+09	2.56145e+09	0	0
386	1	50	2.56333e+09	2.56337e+09	2.56367e+09	2.56422e+09	0	0
387	0	50	2.56595e+09	2.56599e+09	2.56629e+09	2.5663e+09	0	0
388	0	50	2.56987e+09	2.56992e+09	2.57022e+09	2.57035e+09	1	1
389	0	10	2.57782e+09	2.57785e+09	2.57815e+09	2.57829e+09	1	0
390	0	10	2.58518e+09	2.58522e+09	2.58552e+09	2.58553e+09	0	1
391	1	10	2.59049e+09	2.59053e+09	2.59084e+09	2.59093e+09	1	0
392	0	50	2.59272e+09	2.59276e+09	2.59306e+09	2.59312e+09	1	1
393	0	50	2.59894e+09	2.59898e+09	2.59928e+09	2.59936e+09	1	1
394	0	50	2.60841e+09	2.60845e+09	2.60875e+09	2.60883e+09	0	0
395	1	50	2.61071e+09	2.61075e+09	2.61105e+09	2.61123e+09	0	0
396	1	50	2.6161e+09	2.61614e+09	2.61644e+09	2.61651e+09	0	0
397	1	50	2.61996e+09	2.62e+09	2.6203e+09	2.62072e+09	0	0
398	0	10	2.62335e+09	2.62339e+09	2.62369e+09	2.62383e+09	1	0
399	0	50	2.63018e+09	2.63022e+09	2.63052e+09	2.63058e+09	0	0
400	1	50	2.63272e+09	2.63276e+09	2.63306e+09	2.63307e+09	1	1
401	0	10	2.64192e+09	2.64195e+09	2.64225e+09	2.6423e+09	1	0
402	0	10	2.64581e+09	2.64585e+09	2.64615e+09	2.64616e+09	0	1
403	1	10	2.64889e+09	2.64894e+09	2.64924e+09	2.64933e+09	0	1
404	1	10	2.65207e+09	2.65212e+09	2.65242e+09	2.65244e+09	0	1
405	1	10	2.65452e+09	2.65456e+09	2.65486e+09	2.65495e+09	0	1
406	0	50	2.65667e+09	2.65672e+09	2.65702e+09	2.65703e+09	1	1
407	0	10	2.66452e+09	2.66456e+09	2.66486e+09	2.66487e+09	0	1
408	1	10	2.66684e+09	2.66687e+09	2.66717e+09	2.66732e+09	0	1
409	1	10	2.67241e+09	2.67245e+09	2.67275e+09	2.67285e+09	0	1
410	1	10	2.67623e+09	2.67627e+09	2.67657e+09	2.67711e+09	1	0
411	0	50	2.67874e+09	2.67878e+09	2.67908e+09	2.67992e+09	1	1
412	0	50	2.68154e+09	2.68157e+09	2.68187e+09	2.68188e+09	0	0
413	1	50	2.68362e+09	2.68365e+09	2.68395e+09	2.68411e+09	1	1
414	0	50	2.68573e+09	2.68576e+09	2.68606e+09	2.68633e+09	1	1
415	0	50	2.69283e+09	2.69288e+09	2.69318e+09	2.6932e+09	1	1
416	0	50	2.70337e+09	2.70341e+09	2.70371e+09	2.70382e+09	0	0
417	1	50	2.7132e+09	2.71324e+09	2.71354e+09	2.71357e+09	0	0
418	1	50	2.71639e+09	2.71643e+09	2.71673e+09	2.71934e+09	0	0
419	1	50	2.72138e+09	2.72141e+09	2.72171e+09	2.72747e+09	1	1
420	0	50	2.7328e+09	2.73285e+09	2.73315e+09	2.73358e+09	1	1
421	0	10	2.73521e+09	2.73525e+09	2.73555e+09	2.7356e+09	0	1
422	1	10	2.74088e+09	2.74092e+09	2.74122e+09	2.74143e+09	1	0
423	0	10	2.74524e+09	2.74527e+09	2.74557e+09	2.74604e+09	1	0
424	0	50	2.75427e+09	2.75431e+09	2.75461e+09	2.75476e+09	1	1
425	0	10	2.76217e+09	2.76221e+09	2.76251e+09	2.76259e+09	1	0
426	0	50	2.7692e+09	2.76923e+09	2.76953e+09	2.76974e+09	0	0
427	1	50	2.77165e+09	2.77169e+09	2.77199e+09	2.77215e+09	0	0
428	1	50	2.77568e+09	2.77572e+09	2.77602e+09	2.7765e+09	0	0
429	1	50	2.77845e+09	2.77849e+09	2.77879e+09	2.78011e+09	1	1
430	0	50	2.78635e+09	2.78639e+09	2.78669e+09	2.7867e+09	1	1
431	0	10	2.78839e+09	2.78842e+09	2.78872e+09	2.79062e+09	1	0
432	0	10	2.79535e+09	2.79538e+09	2.79568e+09	2.79578e+09	0	1
433	1	10	2.80003e+09	2.80007e+09	2.80037e+09	2.80038e+09	0	1
434	1	10	2.80264e+09	2.80268e+09	2.80298e+09	2.80307e+09	0	1
435	1	10	2.80508e+09	2.80512e+09	2.80542e+09	2.80569e+09	0	1
436	0	10	2.80729e+09	2.80732e+09	2.80762e+09	2.8081e+09	1	0
437	0	10	2.80973e+09	2.80977e+09	2.81007e+09	2.81029e+09	1	0
438	0	10	2.82152e+09	2.82156e+09	2.82186e+09	2.82187e+09	0	1
439	1	10	2.82875e+09	2.82879e+09	2.82909e+09	2.82916e+09	0	1
440	1	10	2.83087e+09	2.83091e+09	2.83121e+09	2.83143e+09	0	1
441	1	10	2.8333e+09	2.83334e+09	2.83364e+09	2.83366e+09	1	0
442	0	10	2.84222e+09	2.84226e+09	2.84256e+09	2.84274e+09	1	0
443	0	10	2.84969e+09	2.84972e+09	2.85002e+09	2.85004e+09	0	1
444	1	10	2.85185e+09	2.85189e+09	2.85219e+09	2.85225e+09	0	1
445	1	10	2.85404e+09	2.85408e+09	2.85438e+09	2.8544e+09	1	0
446	0	50	2.85604e+09	2.85608e+09	2.85638e+09	2.85664e+09	1	1
447	0	50	2.86398e+09	2.86401e+09	2.86431e+09	2.86442e+09	1	1
448	0	10	2.86884e+09	2.86889e+09	2.86919e+09	2.86926e+09	0	1
449	1	10	2.87241e+09	2.87246e+09	2.87276e+09	2.8728e+09	1	0
450	0	50	2.87618e+09	2.87621e+09	2.87651e+09	2.87664e+09	1	1
451	0	10	2.88382e+09	2.88385e+09	2.88415e+09	2.88421e+09	0	1
452	1	10	2.88794e+09	2.88798e+09	2.88828e+09	2.88834e+09	0	1
453	1	10	2.89268e+09	2.89272e+09	2.89302e+09	2.89326e+09	1	0
454	0	10	2.89504e+09	2.89508e+09	2.89538e+09	2.89539e+09	0	1
455	1	10	2.9096e+09	2.90964e+09	2.90994e+09	2.90997e+09	1	0
456	0	10	2.91617e+09	2.91621e+09	2.91651e+09	2.91653e+09	0	1
457	1	10	2.92054e+09	2.92059e+09	2.92089e+09	2.92091e+09	0	1
458	1	10	2.92255e+09	2.92258e+09	2.92288e+09	2.92322e+09	1	0
459	0	10	2.92951e+09	2.92954e+09	2.92984e+09	2.93012e+09	0	1
460	1	10	2.93302e+09	2.93307e+09	2.93337e+09	2.93412e+09	0	1
461	1	10	2.93723e+09	2.93727e+09	2.93757e+09	2.93806e+09	1	0
462	0	10	2.94203e+09	2.94207e+09	2.94237e+09	2.94251e+09	0	1
463	1	10	2.94627e+09	2.94632e+09	2.94671e+09	2.94709e+09	1	0
464	0	50	2.94872e+09	2.94876e+09	2.94906e+09	2.94914e+09	0	0
465	1	50	2.95508e+09	2.95511e+09	2.95541e+09	2.95565e+09	1	1
466	0	10	2.95935e+09	2.95939e+09	2.95969e+09	2.95975e+09	0	1
467	1	10	2.96174e+09	2.96179e+09	2.96209e+09	2.96238e+09	0	1
468	1	10	2.96596e+09	2.966e+09	2.9663e+09	2.96634e+09	0	1
469	1	10	2.968e+09	2.96804e+09	2.96834e+09	2.96836e+09	1	0
470	0	50	2.96998e+09	2.97002e+09	2.97032e+09	2.97042e+09	1	1
471	0	50	2.97789e+09	2.97792e+09	2.97822e+09	2.97823e+09	0	0
472	1	50	2.98219e+09	2.98224e+09	2.98254e+09	2.98277e+09	1	1
473	0	50	2.99005e+09	2.99008e+09	2.99038e+09	2.9931e+09	0	0
474	1	50	2.99564e+09	2.99567e+09	2.99597e+09	2.99713e+09	1	1
475	0	50	3.00788e+09	3.00792e+09	3.00822e+09	3.00829e+09	1	1
476	0	50	3.00993e+09	3.00997e+09	3.01027e+09	3.01031e+09	0	0
477	1	50	3.01689e+09	3.01693e+09	3.01723e+09	3.01849e+09	1	1
478	0	50	3.02869e+09	3.02873e+09	3.02903e+09	3.02909e+09	1	1
479	0	10	3.04115e+09	3.04118e+09	3.04148e+09	3.04153e+09	0	1
480	1	10	3.04322e+09	3.04327e+09	3.04357e+09	3.04375e+09	1	0
481	0	50	3.04538e+09	3.04541e+09	3.04572e+09	3.04572e+09	1	1
482	0	50	3.04902e+09	3.04906e+09	3.04936e+09	3.04945e+09	1	1
483	0	50	3.05108e+09	3.05112e+09	3.05142e+09	3.05168e+09	0	0
484	1	50	3.05527e+09	3.05532e+09	3.05562e+09	3.05566e+09	1	1
485	0	10	3.0591e+09	3.05913e+09	3.05943e+09	3.05944e+09	1	0
486	0	10	3.06948e+09	3.06952e+09	3.06983e+09	3.06991e+09	1	0
487	0	10	3.08179e+09	3.08184e+09	3.08214e+09	3.08215e+09	1	0
488	0	10	3.09566e+09	3.09571e+09	3.09601e+09	3.09603e+09	1	0
489	0	10	3.09767e+09	3.09771e+09	3.09801e+09	3.0982e+09	1	0
490	0	50	3.10535e+09	3.1054e+09	3.1057e+09	3.10576e+09	1	1
491	0	10	3.1074e+09	3.10743e+09	3.10773e+09	3.10774e+09	1	0
492	0	50	3.12213e+09	3.12217e+09	3.12247e+09	3.12259e+09	0	0
493	1	50	3.12457e+09	3.12461e+09	3.12491e+09	3.12497e+09	0	0
494	1	50	3.12921e+09	3.12924e+09	3.12954e+09	3.12976e+09	0	0
495	1	50	3.13166e+09	3.13169e+09	3.132e+09	3.13201e+09	0	0
496	0	50	3.13644e+09	3.13648e+09	3.13678e+09	3.13718e+09	0	0
497	0	10	3.13887e+09	3.13891e+09	3.13921e+09	3.13957e+09	1	0
498	0	50	3.14395e+09	3.14399e+09	3.14429e+09	3.14466e+09	0	0
499	1	50	3.14992e+09	3.14997e+09	3.15027e+09	3.15126e+09	0	0
500	1	50	3.15303e+09	3.15307e+09	3.15338e+09	3.15407e+09	0	0
501	1	50	3.1558e+09	3.15584e+09	3.15614e+09	3.15654e+09	0	0
502	0	10	3.15822e+09	3.15826e+09	3.15856e+09	3.15874e+09	1	0
503	0	50	3.1604e+09	3.16043e+09	3.16073e+09	3.16202e+09	0	0
504	1	50	3.16377e+09	3.16381e+09	3.16411e+09	3.16428e+09	0	0
505	1	50	3.16615e+09	3.16619e+09	3.16649e+09	3.16696e+09	0	0
506	1	50	3.16884e+09	3.16888e+09	3.16918e+09	3.17003e+09	0	0
507	0	50	3.17203e+09	3.17207e+09	3.17237e+09	3.17329e+09	0	0
508	0	50	3.1755e+09	3.17554e+09	3.17584e+09	3.17764e+09	0	0
509	0	10	3.17946e+09	3.1795e+09	3.1798e+09	3.17984e+09	0	1
510	0	10	3.18156e+09	3.18159e+09	3.18189e+09	3.18217e+09	1	0
511	0	50	3.18395e+09	3.18399e+09	3.18429e+09	3.18437e+09	1	1
512	0	50	3.19267e+09	3.19272e+09	3.19302e+09	3.19411e+09	0	0
513	1	50	3.19723e+09	3.19726e+09	3.19756e+09	3.20095e+09	0	0
514	1	50	3.20274e+09	3.20277e+09	3.20307e+09	3.2037e+09	0	0
515	1	50	3.20786e+09	3.20791e+09	3.20821e+09	3.21096e+09	0	0
516	0	50	3.21313e+09	3.21317e+09	3.21347e+09	3.21476e+09	0	0
517	0	10	3.21668e+09	3.21673e+09	3.21703e+09	3.21704e+09	1	0
518	0	10	3.21902e+09	3.21906e+09	3.21936e+09	3.21945e+09	1	0
519	0	10	3.23172e+09	3.23176e+09	3.23206e+09	3.23208e+09	1	0
520	0	50	3.23667e+09	3.23671e+09	3.23701e+09	3.23703e+09	0	0
521	1	50	3.23899e+09	3.23903e+09	3.23933e+09	3.23935e+09	0	0
522	1	50	3.24142e+09	3.24146e+09	3.24176e+09	3.24188e+09	1	1
523	0	10	3.24889e+09	3.24893e+09	3.24923e+09	3.24929e+09	1	0
524	0	50	3.25751e+09	3.25755e+09	3.25785e+09	3.25801e+09	0	0
525	1	50	3.26326e+09	3.26331e+09	3.26361e+09	3.26512e+09	0	0
526	1	50	3.26691e+09	3.26694e+09	3.26724e+09	3.26888e+09	0	0
527	1	50	3.27072e+09	3.27075e+09	3.27105e+09	3.27187e+09	0	0
528	0	50	3.27392e+09	3.27395e+09	3.27425e+09	3.27686e+09	0	0
529	0	50	3.27912e+09	3.27917e+09	3.27947e+09	3.27997e+09	0	0
530	0	50	3.28203e+09	3.28207e+09	3.28237e+09	3.28244e+09	1	1
531	0	50	3.28411e+09	3.28414e+09	3.28444e+09	3.28471e+09	1	1
532	0	10	3.28646e+09	3.28651e+09	3.28681e+09	3.28688e+09	0	1
533	1	10	3.28877e+09	3.28881e+09	3.28911e+09	3.28925e+09	1	0
534	0	50	3.29327e+09	3.29331e+09	3.29361e+09	3.29362e+09	1	1
535	0	50	3.29933e+09	3.29937e+09	3.29967e+09	3.29968e+09	0	0
536	1	50	3.302e+09	3.30203e+09	3.30234e+09	3.30261e+09	0	0
537	1	50	3.30443e+09	3.30448e+09	3.30478e+09	3.30534e+09	1	1
538	0	10	3.30697e+09	3.30702e+09	3.30732e+09	3.30733e+09	1	0
539	0	50	3.31261e+09	3.31265e+09	3.31295e+09	3.31296e+09	1	1
540	0	50	3.31852e+09	3.31855e+09	3.31885e+09	3.31893e+09	0	0
541	1	50	3.32092e+09	3.32095e+09	3.32125e+09	3.32201e+09	0	0
542	1	50	3.3238e+09	3.32383e+09	3.32413e+09	3.32509e+09	0	0
543	1	50	3.32791e+09	3.32794e+09	3.32824e+09	3.32907e+09	0	0
544	0	50	3.33098e+09	3.33102e+09	3.33133e+09	3.33185e+09	0	0
545	0	50	3.3338e+09	3.33383e+09	3.33413e+09	3.33687e+09	0	0
546	0	10	3.33865e+09	3.33869e+09	3.33899e+09	3.33902e+09	0	1
547	0	50	3.34156e+09	3.3416e+09	3.3419e+09	3.3447e+09	0	0
548	0	50	3.3488e+09	3.34884e+09	3.34914e+09	3.34993e+09	1	1
549	0	10	3.35157e+09	3.35161e+09	3.35191e+09	3.35202e+09	0	1
550	1	10	3.35379e+09	3.35383e+09	3.35413e+09	3.35415e+09	1	0
551	0	10	3.35579e+09	3.35582e+09	3.35612e+09	3.3562e+09	1	0
552	0	10	3.3615e+09	3.36155e+09	3.36185e+09	3.36191e+09	1	0
553	0	10	3.37053e+09	3.37057e+09	3.37087e+09	3.37089e+09	1	0
554	0	50	3.37422e+09	3.37425e+09	3.37455e+09	3.3746e+09	0	0
555	1	50	3.3764e+09	3.37643e+09	3.37673e+09	3.37707e+09	0	0
556	1	50	3.37886e+09	3.37891e+09	3.37921e+09	3.37936e+09	1	1
557	0	10	3.38112e+09	3.38116e+09	3.38146e+09	3.3815e+09	0	1
558	1	10	3.38313e+09	3.38317e+09	3.38348e+09	3.38351e+09	0	1
559	1	10	3.38664e+09	3.38668e+09	3.38705e+09	3.38762e+09	1	0
560	0	10	3.38927e+09	3.38931e+09	3.38961e+09	3.38967e+09	0	1
561	1	10	3.39133e+09	3.39137e+09	3.39167e+09	3.39175e+09	1	0
562	0	50	3.3934e+09	3.39344e+09	3.39374e+09	3.39381e+09	1	1
563	0	10	3.39732e+09	3.39736e+09	3.39766e+09	3.39773e+09	1	0
564	0	50	3.40627e+09	3.40631e+09	3.40661e+09	3.40682e+09	0	0
565	1	50	3.40857e+09	3.4086e+09	3.4089e+09	3.40908e+09	0	0
566	1	50	3.41089e+09	3.41093e+09	3.41123e+09	3.41208e+09	1	1
567	0	50	3.41372e+09	3.41376e+09	3.41406e+09	3.41425e+09	0	0
568	1	50	3.41594e+09	3.41597e+09	3.41627e+09	3.41656e+09	1	1
569	0	50	3.4182e+09	3.41825e+09	3.41855e+09	3.41866e+09	1	1
570	0	50	3.42035e+09	3.42039e+09	3.42069e+09	3.42087e+09	1	1
571	0	50	3.42267e+09	3.42276e+09	3.42306e+09	3.42313e+09	1	1
572	0	10	3.42481e+09	3.42486e+09	3.42516e+09	3.42524e+09	0	1
573	1	10	3.4275e+09	3.42754e+09	3.42784e+09	3.42792e+09	1	0
574	0	10	3.42957e+09	3.42961e+09	3.42992e+09	3.43005e+09	1	0
575	0	10	3.43686e+09	3.4369e+09	3.4372e+09	3.43728e+09	0	1
576	1	10	3.4389e+09	3.43893e+09	3.43923e+09	3.43927e+09	0	1
577	1	10	3.44154e+09	3.44158e+09	3.44188e+09	3.44191e+09	0	1
578	1	10	3.44381e+09	3.44386e+09	3.44416e+09	3.44448e+09	0	1
579	0	10	3.44609e+09	3.44614e+09	3.44644e+09	3.44651e+09	1	0
580	0	50	3.45062e+09	3.45066e+09	3.45096e+09	3.45104e+09	1	1
581	0	10	3.45447e+09	3.45451e+09	3.45481e+09	3.45483e+09	1	0
582	0	50	3.463e+09	3.46304e+09	3.46334e+09	3.46342e+09	1	1
583	0	50	3.46877e+09	3.46881e+09	3.46911e+09	3.46913e+09	0	0
584	1	50	3.47111e+09	3.47116e+09	3.47146e+09	3.47149e+09	1	1
585	0	10	3.47314e+09	3.47319e+09	3.47349e+09	3.47456e+09	1	0
586	0	50	3.47821e+09	3.47825e+09	3.47855e+09	3.47863e+09	1	1
587	0	50	3.48034e+09	3.48038e+09	3.48068e+09	3.4807e+09	0	0
588	1	50	3.48287e+09	3.4829e+09	3.4832e+09	3.48328e+09	0	0
589	1	50	3.48597e+09	3.48601e+09	3.48632e+09	3.48634e+09	0	0
590	1	50	3.48824e+09	3.48827e+09	3.48857e+09	3.48867e+09	1	1
591	0	10	3.49349e+09	3.49354e+09	3.49384e+09	3.49395e+09	0	1
592	1	10	3.49603e+09	3.49607e+09	3.49637e+09	3.49647e+09	1	0
593	0	50	3.50176e+09	3.50181e+09	3.50211e+09	3.50389e+09	1	1
594	0	10	3.50553e+09	3.50556e+09	3.50586e+09	3.50588e+09	1	0
595	0	10	3.51106e+09	3.5111e+09	3.5114e+09	3.52005e+09	1	0
596	0	10	3.52443e+09	3.52447e+09	3.52477e+09	3.52478e+09	0	1
597	1	10	3.52672e+09	3.52676e+09	3.52706e+09	3.52735e+09	0	1
598	1	10	3.52897e+09	3.52901e+09	3.52931e+09	3.52948e+09	1	0
599	0	50	3.53112e+09	3.53116e+09	3.53146e+09	3.53165e+09	1	1
600	0	50	3.53645e+09	3.53649e+09	3.53679e+09	3.53711e+09	0	0
601	1	50	3.54349e+09	3.54353e+09	3.54383e+09	3.55217e+09	0	0
602	1	50	3.55381e+09	3.55385e+09	3.55415e+09	3.55737e+09	1	1
603	0	10	3.56502e+09	3.56505e+09	3.56535e+09	3.56651e+09	0	1
604	1	10	3.5682e+09	3.56824e+09	3.56854e+09	3.56877e+09	1	0
605	0	10	3.57702e+09	3.57705e+09	3.57735e+09	3.57784e+09	1	0
606	0	10	3.57949e+09	3.57954e+09	3.57984e+09	3.57988e+09	0	1
607	1	10	3.58154e+09	3.58158e+09	3.58188e+09	3.58196e+09	1	0
608	0	50	3.5836e+09	3.58365e+09	3.58395e+09	3.58428e+09	0	0
609	1	50	3.5901e+09	3.59014e+09	3.59044e+09	3.59072e+09	0	0
610	1	50	3.59292e+09	3.59295e+09	3.59325e+09	3.5949e+09	0	0
611	1	50	3.59663e+09	3.59666e+09	3.59696e+09	3.59847e+09	0	0
612	0	50	3.60049e+09	3.60053e+09	3.60083e+09	3.60294e+09	0	0
613	0	10	3.60978e+09	3.60983e+09	3.61013e+09	3.61434e+09	0	1
614	0	50	3.61648e+09	3.61652e+09	3.61682e+09	3.61693e+09	0	0
615	0	10	3.61855e+09	3.6186e+09	3.6189e+09	3.61893e+09	1	0
616	0	10	3.62058e+09	3.62061e+09	3.62091e+09	3.62105e+09	0	1
617	1	10	3.62267e+09	3.6227e+09	3.623e+09	3.62302e+09	0	1
618	1	10	3.62464e+09	3.62468e+09	3.62498e+09	3.62501e+09	1	0
619	0	10	3.62666e+09	3.6267e+09	3.627e+09	3.62701e+09	1	0
620	0	10	3.62873e+09	3.62877e+09	3.62907e+09	3.63395e+09	1	0
621	0	50	3.63709e+09	3.63713e+09	3.63743e+09	3.64031e+09	0	0
622	1	50	3.64198e+09	3.64202e+09	3.64232e+09	3.64977e+09	0	0
623	1	50	3.65139e+09	3.65143e+09	3.65173e+09	3.65375e+09	1	1
624	0	50	3.6554e+09	3.65546e+09	3.65576e+09	3.65578e+09	1	1
625	0	50	3.65744e+09	3.65747e+09	3.65777e+09	3.65992e+09	0	0
626	1	50	3.66171e+09	3.66175e+09	3.66205e+09	3.66211e+09	1	1
627	0	50	3.66551e+09	3.66555e+09	3.66585e+09	3.66677e+09	1	1
628	0	50	3.66842e+09	3.66846e+09	3.66876e+09	3.67139e+09	0	0
629	1	50	3.67306e+09	3.6731e+09	3.6734e+09	3.67456e+09	1	1
630	0	50	3.67622e+09	3.67626e+09	3.67656e+09	3.67667e+09	1	1
631	0	10	3.67986e+09	3.67991e+09	3.68021e+09	3.68285e+09	1	0
632	0	10	3.68449e+09	3.68453e+09	3.68483e+09	3.68496e+09	0	1
633	1	10	3.68658e+09	3.68662e+09	3.68692e+09	3.68719e+09	1	0
634	0	10	3.69203e+09	3.69207e+09	3.69237e+09	3.69248e+09	0	1
635	1	10	3.6941e+09	3.69413e+09	3.69443e+09	3.6946e+09	1	0
636	0	10	3.69959e+09	3.69963e+09	3.69993e+09	3.70013e+09	1	0
637	0	50	3.70337e+09	3.7034e+09	3.7037e+09	3.70389e+09	0	0
638	1	50	3.70787e+09	3.70792e+09	3.70822e+09	3.71125e+09	0	0
639	1	50	3.71306e+09	3.71311e+09	3.71341e+09	3.72127e+09	1	1
640	0	50	3.72534e+09	3.72538e+09	3.72568e+09	3.72573e+09	0	0
641	1	50	3.7275e+09	3.72754e+09	3.72784e+09	3.72785e+09	1	1
642	0	10	3.72951e+09	3.72955e+09	3.72985e+09	3.7299e+09	1	0
643	0	10	3.73282e+09	3.73286e+09	3.73316e+09	3.73334e+09	0	1
644	1	10	3.73496e+09	3.73499e+09	3.73529e+09	3.73556e+09	0	1
645	1	10	3.74075e+09	3.74078e+09	3.74108e+09	3.74127e+09	1	0
646	0	10	3.74553e+09	3.74557e+09	3.74587e+09	3.74673e+09	0	1
647	1	10	3.75194e+09	3.75198e+09	3.75228e+09	3.75327e+09	1	0
648	0	50	3.75492e+09	3.75496e+09	3.75526e+09	3.75572e+09	1	1
649	0	50	3.75939e+09	3.75943e+09	3.75973e+09	3.7619e+09	0	0
650	1	50	3.76386e+09	3.7639e+09	3.7642e+09	3.76942e+09	0	0
651	1	50	3.77132e+09	3.77136e+09	3.77166e+09	3.77721e+09	0	0
652	1	50	3.77915e+09	3.77919e+09	3.77949e+09	3.78518e+09	1	1
653	0	50	3.78695e+09	3.78699e+09	3.78729e+09	3.78774e+09	0	0
654	1	50	3.79114e+09	3.79118e+09	3.79148e+09	3.80035e+09	1	1
655	0	10	3.80472e+09	3.80476e+09	3.80506e+09	3.80508e+09	1	0
656	0	10	3.80685e+09	3.80688e+09	3.80719e+09	3.80929e+09	0	1
657	1	10	3.81123e+09	3.81127e+09	3.81157e+09	3.81168e+09	1	0
658	0	50	3.8134e+09	3.81344e+09	3.81374e+09	3.81389e+09	1	1
659	0	50	3.81843e+09	3.81848e+09	3.81878e+09	3.82062e+09	1	1
660	0	50	3.82227e+09	3.82231e+09	3.82261e+09	3.82296e+09	0	0
661	1	50	3.82514e+09	3.82518e+09	3.82548e+09	3.83234e+09	1	1
662	0	50	3.83399e+09	3.83403e+09	3.83433e+09	3.83526e+09	0	0
663	1	50	3.83688e+09	3.83692e+09	3.83722e+09	3.83752e+09	0	0
664	1	50	3.83933e+09	3.83937e+09	3.83967e+09	3.83996e+09	1	1
665	0	50	3.84396e+09	3.84399e+09	3.84429e+09	3.84434e+09	0	0
666	1	50	3.84626e+09	3.8463e+09	3.8466e+09	3.85788e+09	1	1
667	0	50	3.85953e+09	3.85957e+09	3.85987e+09	3.86018e+09	0	0
668	1	50	3.86211e+09	3.86215e+09	3.86245e+09	3.86417e+09	0	0
669	1	50	3.86596e+09	3.866e+09	3.8663e+09	3.86855e+09	0	0
670	1	50	3.87052e+09	3.87056e+09	3.87086e+09	3.87439e+09	1	1
671	0	50	3.87605e+09	3.87609e+09	3.87639e+09	3.87663e+09	1	1
672	0	50	3.88144e+09	3.88149e+09	3.88179e+09	3.88252e+09	0	0
673	1	50	3.88463e+09	3.88467e+09	3.88497e+09	3.88712e+09	0	0
674	1	50	3.88907e+09	3.8891e+09	3.8894e+09	3.89811e+09	0	0
675	1	50	3.89992e+09	3.89996e+09	3.90026e+09	3.9056e+09	1	1
676	0	50	3.90733e+09	3.90737e+09	3.90767e+09	3.90793e+09	1	1
677	0	10	3.90959e+09	3.90963e+09	3.90993e+09	3.91046e+09	0	1
678	1	10	3.91278e+09	3.91283e+09	3.91313e+09	3.91314e+09	1	0
679	0	10	3.91479e+09	3.91483e+09	3.91513e+09	3.91533e+09	1	0
680	0	50	3.91699e+09	3.91703e+09	3.91733e+09	3.91773e+09	0	0
681	1	50	3.91954e+09	3.91958e+09	3.91988e+09	3.92004e+09	0	0
682	1	50	3.92301e+09	3.92306e+09	3.92336e+09	3.92383e+09	0	0
683	1	50	3.92575e+09	3.92579e+09	3.9261e+09	3.9263e+09	1	1
684	0	10	3.93179e+09	3.93184e+09	3.93214e+09	3.93384e+09	0	1
685	1	10	3.93636e+09	3.9364e+09	3.9367e+09	3.93883e+09	0	1
686	1	10	3.94084e+09	3.94088e+09	3.94118e+09	3.9412e+09	0	1
687	1	10	3.94353e+09	3.94357e+09	3.94387e+09	3.948e+09	0	1
688	0	10	3.95129e+09	3.95133e+09	3.95163e+09	3.95279e+09	0	1
689	0	10	3.95503e+09	3.95507e+09	3.95537e+09	3.96473e+09	0	1
690	0	50	3.97002e+09	3.97005e+09	3.97035e+09	3.97272e+09	1	1
691	0	50	3.97446e+09	3.9745e+09	3.9748e+09	3.97598e+09	1	1
692	0	50	3.97983e+09	3.97987e+09	3.98017e+09	3.98332e+09	1	1
693	0	50	3.98773e+09	3.98776e+09	3.98806e+09	3.99245e+09	0	0
694	1	50	3.99444e+09	3.99448e+09	3.99478e+09	4.00618e+09	1	1
695	0	50	4.00792e+09	4.00796e+09	4.00826e+09	4.00851e+09	0	0
696	1	50	4.01047e+09	4.01051e+09	4.01081e+09	4.01563e+09	1	1
697	0	10	4.02133e+09	4.02138e+09	4.02168e+09	4.05141e+09	0	1
698	1	10	4.05494e+09	4.05498e+09	4.05528e+09	4.05553e+09	1	0
699	0	10	4.05726e+09	4.05729e+09	4.05759e+09	4.05761e+09	1	0
700	0	50	4.05999e+09	4.06004e+09	4.06034e+09	4.06041e+09	1	1
701	0	10	4.06207e+09	4.06211e+09	4.06241e+09	4.06254e+09	1	0
702	0	50	4.06686e+09	4.0669e+09	4.0672e+09	4.06811e+09	0	0
703	1	50	4.07305e+09	4.0731e+09	4.0734e+09	4.07859e+09	0	0
704	1	50	4.08182e+09	4.08185e+09	4.08215e+09	4.0848e+09	1	1
705	0	10	4.08874e+09	4.08878e+09	4.08908e+09	4.09462e+09	1	0
706	0	10	4.09849e+09	4.09852e+09	4.09882e+09	4.10032e+09	0	1
707	1	10	4.10421e+09	4.10426e+09	4.10456e+09	4.14478e+09	1	0