trial trialType response stillTime stimOnset stimOffset respTime correctionTrial correct
001 1 1 3.2338e+06 3.548e+06 4.6414e+06 1.11756e+09 0
000 002 1 1 1.12487e+09 1.12516e+09 1.12625e+09 1.12707e+09 1
000 003 1 0 1.14196e+09 1.14225e+09 1.14334e+09 1.14849e+09 1
001 004 2 0 1.15079e+09 1.15106e+09 1.15186e+09 1.15613e+09 0
000 005 2 1 1.16636e+09 1.16662e+09 1.16742e+09 1.19323e+09 1
001 006 2 1 1.19562e+09 1.19588e+09 1.19688e+09 1.29789e+09 0
001 007 2 0 1.30005e+09 1.30032e+09 1.30113e+09 1.31536e+09 0
000 008 2 1 1.32278e+09 1.32304e+09 1.32385e+09 1.3645e+09 1
001 009 1 0 1.36832e+09 1.36859e+09 1.36947e+09 1.3873e+09 0
001 