trial trialType response stillTime stimOnset stimOffset respTime correctionTrial correct
001 2 0 5.41595e+06 5.80627e+06 7.25792e+06 1.04396e+07 0
NaN 001 2 0 5.41595e+06 5.80627e+06 7.25792e+06 1.73659e+07 0
NaN 001 2 0 5.41595e+06 5.80627e+06 7.25792e+06 1.73898e+07 0
NaN 001 2 0 5.41595e+06 5.80627e+06 7.25792e+06 1.74132e+07 0
NaN 001 2 1 5.41595e+06 5.80627e+06 7.25792e+06 1.78774e+07 0
NaN 001 2 1 5.41595e+06 5.80627e+06 7.25792e+06 1.81454e+07 0
NaN 001 2 1 5.41595e+06 5.80627e+06 7.25792e+06 1.8206e+07 0
NaN 001 2 1 5.41595e+06 5.80627e+06 7.25792e+06 1.83866e+07 0
NaN 001 2 1 5.41595e+06 5.80627e+06 7.25792e+06 2.12747e+07 0
NaN 001 2 0 5.41595e+06 5.80627e+06 7.25792e+06 2.41596e+07 0
NaN 001 2 0 5.41595e+06 5.80627e+06 7.25792e+06 2.42305e+07 0
NaN 001 2 0 5.41595e+06 5.80627e+06 7.25792e+06 2.49842e+07 0
NaN 